[-10,2]
[-10,-7]
[-10,-8]
[-10,-20]
[-10,-1]
[-10,-6]
[-24,-1]
[-24,-8]
[-22,-14]
[-20,-17]
[-22,-14]
[-24,-6]
[-27,-13]
[-25,-10]
[-22,-8]
[-20,-6]
[-22,-7]
[-26,-12]
[-13,-22]
[-12,-19]
[4,-5]
[4,-3]
[4,-4]
[-13,-21]
[3,-24]
[3,-12]
[2,-10]
[2,-5]
[2,-11]
[2,-22]
[-10,-17]
[-14,-12]
[-17,-8]
[-19,-4]
[-17,-8]
[-13,-15]
[-17,-5]
[-23,-1]
[-27,-2]
[-27,-4]
[-26,-1]
[-21,-4]
[-14,2]
[-17,-5]
[-19,-13]
[-21,-15]
[-20,-12]
[-16,-4]
[-11,-19]
[-11,-19]
[-11,-19]
[-20,-17]
[-20,-17]
[-20,-17]
[-21,-7]
[-21,-7]
[-21,-7]
[-8,-10]
[-8,-10]
[-8,-9]
[5,-3]
[5,-3]
[5,-3]
[-16,-5]
[-16,-5]
[-16,-5]
[-28,-1]
[-28,-1]
[-28,-2]
[-22,-13]
[-22,-13]
[-22,-13]
[-14,-28]
[-14,-29]
[-14,-30]
[-14,-28]
[-14,-28]
[-14,-29]
[-11,-22]
[-11,-23]
[-12,-24]
[-12,-22]
[-11,-22]
[-11,-22]
[4,-13]
[3,-14]
[2,-15]
[2,-13]
[3,-13]
[4,-14]
[7,-7]
[7,-8]
[7,-9]
[8,-7]
[8,-6]
[7,-8]
[-9,-8]
[-8,-8]
[-8,-9]
[-8,-7]
[-9,-7]
[-9,-8]
[-19,-14]
[-18,-14]
[-18,-15]
[-18,-13]
[-19,-13]
[-19,-15]
[-18,-23]
[-19,-23]
[-19,-24]
[-19,-22]
[-19,-22]
[-19,-24]
[-13,-28]
[-13,-29]
[-13,-30]
[-13,-28]
[-13,-29]
[-13,-29]
[-22,-20]
[-22,-19]
[-22,-19]
[-15,-11]
[-15,-11]
[-15,-11]
[4,-3]
[4,-3]
[4,-3]
[-1,0]
[-1,0]
[-1,0]
[-15,-4]
[-15,-4]
[-16,-4]
[-20,-12]
[-20,-12]
[-21,-12]
[-16,-20]
[-16,-20]
[-16,-20]
[-16,-21]
[-16,-20]
[-16,-20]
[-11,-1]
[-21,0]
[-23,16]
[-27,14]
[-25,15]
[-22,0]
[-27,7]
[-15,14]
[-27,13]
[-30,16]
[-23,-8]
[-17,6]
[-21,9]
[-11,7]
[-12,12]
[-10,-15]
[3,7]
[-25,3]
[-18,8]
[-6,10]
[5,-16]
[-12,8]
[-14,-6]
[-16,3]
[-15,17]
[-12,-9]
[-19,11]
[5,-8]
[-5,-1]
[-15,15]
[-23,2]
[-15,3]
[4,-1]
[5,0]
[-6,10]
[-19,4]
[-9,-2]
[-13,9]
[-11,6]
[-8,10]
[-17,-21]
[-16,-12]
[-29,-21]
[-24,-20]
[-21,-25]
[-25,-13]
[-15,-17]
[-8,-16]
[-27,-24]
[-32,-12]
[6,-18]
[8,-14]
[-17,-18]
[-20,-9]
[-1,-11]
[-9,-5]
[2,-11]
[6,-8]
[-18,-3]
[-21,-11]
[4,-7]
[0,-7]
[-23,-13]
[-20,-21]
[-9,-8]
[-13,3]
[-20,-22]
[-19,-27]
[-17,-14]
[-19,-5]
[-25,-25]
[-27,-27]
[-18,-27]
[-21,-25]
[-19,-11]
[-7,-20]
[28,4]
[27,6]
[-1,-25]
[-10,-26]
[-5,-10]
[13,-19]
[31,25]
[35,26]
[1,-23]
[-1,-28]
[-1,-9]
[-6,-10]
