[-8,-31]
[-8,-33]
[-8,-33]
[-8,-31]
[-8,-32]
[-8,-33]
[-9,-31]
[-9,-32]
[-9,-33]
[-9,-31]
[-9,-32]
[-9,-33]
[-10,-32]
[-10,-33]
[-10,-34]
[-10,-32]
[-10,-33]
[-10,-34]
[-11,-33]
[-11,-35]
[-11,-35]
[-11,-33]
[-11,-34]
[-11,-35]
[-11,-34]
[-11,-36]
[-11,-36]
[-11,-34]
[-11,-36]
[-11,-36]
[-10,-35]
[-10,-36]
[-10,-36]
[-10,-35]
[-10,-36]
[-10,-36]
[-8,-34]
[-9,-35]
[-8,-36]
[-8,-34]
[-8,-35]
[-8,-35]
[-8,-32]
[-8,-33]
[-8,-34]
[-8,-32]
[-8,-33]
[-8,-34]
[-7,-31]
[-7,-31]
[-7,-31]
[-9,-31]
[-9,-31]
[-9,-31]
[-11,-32]
[-11,-32]
[-10,-32]
[-12,-34]
[-12,-33]
[-12,-33]
[-11,-35]
[-11,-35]
[-12,-35]
[-10,-35]
[-10,-35]
[-10,-35]
[-8,-34]
[-8,-34]
[-8,-34]
[-7,-32]
[-7,-32]
[-7,-32]
[-6,-32]
[-6,-32]
[-6,-33]
[-6,-31]
[-6,-31]
[-6,-33]
[-5,-30]
[-6,-31]
[-6,-32]
[-6,-30]
[-5,-30]
[-5,-31]
[-8,-31]
[-8,-31]
[-8,-32]
[-8,-30]
[-7,-30]
[-7,-31]
[-11,-31]
[-11,-32]
[-11,-33]
[-11,-31]
[-11,-31]
[-11,-32]
[-13,-32]
[-13,-33]
[-13,-34]
[-13,-32]
[-13,-32]
[-13,-33]
[-13,-33]
[-13,-34]
[-12,-35]
[-12,-33]
[-13,-33]
[-13,-34]
[-11,-33]
[-11,-34]
[-10,-35]
[-10,-33]
[-11,-33]
[-11,-34]
[-8,-33]
[-8,-33]
[-8,-34]
[-8,-32]
[-8,-33]
[-8,-34]
[-5,-30]
[-5,-30]
[-5,-30]
[-5,-29]
[-5,-28]
[-5,-28]
[-8,-29]
[-8,-29]
[-8,-29]
[-12,-30]
[-12,-30]
[-12,-30]
[-14,-32]
[-14,-31]
[-14,-31]
[-13,-33]
[-13,-32]
[-13,-32]
[-10,-32]
[-10,-32]
[-10,-32]
[-7,-32]
[-7,-31]
[-7,-31]
[-7,-30]
[-7,-15]
[-6,7]
[-7,8]
[-7,7]
[-1,-28]
[-2,-13]
[-18,6]
[-19,6]
[-18,5]
[1,-26]
[-1,-13]
[-25,-1]
[-25,-1]
[-23,-2]
[-3,-24]
[-5,-12]
[-22,-9]
[-22,-9]
[-20,-9]
[-11,-24]
[-11,-12]
[-12,-13]
[-12,-13]
[-11,-13]
[-17,-25]
[-15,-13]
[0,-11]
[0,-11]
[0,-11]
[-17,-28]
[-14,-15]
[7,-5]
[7,-4]
[5,-4]
[-14,-29]
[-12,-15]
[4,3]
[4,4]
[2,3]
[-6,-27]
[-2,-26]
[-1,-25]
[-2,-26]
[-10,-26]
[-9,-25]
[-12,-24]
[-11,-25]
[-14,-27]
[-16,-27]
[-20,-27]
[-18,-27]
[-15,-29]
[-19,-30]
[-21,-31]
[-20,-31]
[-13,-31]
[-17,-33]
[-16,-33]
[-16,-33]
[-9,-32]
[-10,-34]
[-7,-34]
[-8,-34]
[-5,-31]
[-3,-32]
[2,-32]
[0,-32]
[-4,-29]
[1,-29]
[5,-28]
[2,-29]
[-15,-18]
[-15,-13]
[-6,-6]
[10,-14]
[33,1]
[37,6]
[-22,-23]
[-23,-19]
[-13,-7]
[3,-6]
[41,20]
[39,29]
[-24,-28]
[-26,-25]
[-18,-11]
[-11,-3]
[18,39]
[13,48]
[-17,-32]
[-18,-30]
[-19,-14]
[-24,-5]
[-18,43]
[-22,49]
[-1,-34]
[-1,-31]
[-12,-17]
[-28,-13]
[-44,30]
[-46,33]
[11,-31]
[14,-28]
[1,-18]
[-20,-20]
[-50,11]
[-49,11]
[10,-24]
[13,-20]
[8,-15]
[-4,-24]
[-33,-4]
[-29,-4]
[-2,-19]
[0,-14]
[3,-10]
[8,-21]
[1,-8]
[6,-6]
[-8,-33]
[-7,-34]
[-7,-34]
[-6,-32]
[-1,-32]
[-1,-32]
[-6,-32]
[0,-32]
[0,-32]
[-9,-32]
[-5,-31]
[-5,-31]
[-11,-33]
[-12,-31]
[-12,-31]
[-12,-34]
[-15,-33]
[-15,-33]
[-11,-34]
[-14,-34]
[-14,-34]
[-10,-33]
[-11,-34]
[-11,-34]
[-70,-70]
[-70,-70]
[-70,-70]
[-70,-70]
[-70,-70]
[-70,-70]
[-70,-70]
[-70,-70]
