[-12,-27]
[-4,-16]
[-15,-12]
[-25,-17]
[-18,-21]
[-17,-19]
[-12,-16]
[-13,-24]
[-17,-16]
[-28,-17]
[-27,-21]
[-14,-24]
[-12,-21]
[-10,-16]
[-8,-22]
[-31,-18]
[-28,-21]
[-15,-26]
[-7,-26]
[-11,-24]
[-15,-19]
[-7,-23]
[-36,-22]
[-14,-24]
[-3,-27]
[-7,-25]
[-13,-24]
[-18,-22]
[-12,-21]
[-22,-27]
[-3,-24]
[-5,-21]
[-10,-20]
[-10,-22]
[-12,-23]
[-21,-24]
[-10,-25]
[-7,-16]
[-9,-13]
[-12,-14]
[-4,-20]
[-4,-24]
[-19,-26]
[-8,-20]
[-11,-10]
[-13,-10]
[-12,-16]
[-6,-19]
[-8,-22]
[-10,-28]
[-4,-18]
[-14,-9]
[-12,-13]
[-14,-18]
[-14,-19]
[-13,-19]
[-7,-22]
[-7,-25]
[-18,-20]
[-7,-32]
[-13,-23]
[-4,-21]
[-6,-21]
[-6,-21]
[-8,-25]
[-5,-23]
[-8,-20]
[-10,-19]
[-9,-19]
[-10,-21]
[-5,-22]
[-12,-20]
[-11,-19]
[-12,-17]
[-9,-19]
[-9,-20]
[-13,-21]
[-9,-21]
[-11,-17]
[-13,-17]
[-13,-18]
[-11,-23]
[-12,-23]
[-11,-18]
[-23,-18]
[-12,-20]
[-13,-25]
[-21,-24]
[-13,-21]
[-25,-23]
[-12,-23]
[-13,-24]
[-18,-22]
[-20,-21]
[-10,-26]
[-16,-25]
[-70,-70]
[-70,-70]
[-70,-70]
[-70,-70]
[-70,-70]
[-70,-70]
[-70,-70]
[-70,-70]
