[-8,-29]
[-7,-29]
[-7,-30]
[-8,-30]
[-7,-29]
[-7,-29]
[-7,-30]
[-7,-24]
[-7,-23]
[-7,-25]
[-8,-29]
[-10,-27]
[-5,-27]
[-6,-25]
[-5,-26]
[-23,-29]
[-18,-21]
[-20,-10]
[-8,-24]
[-8,-22]
[-8,-21]
[-8,-20]
[-8,-22]
[-21,-25]
[-18,-25]
[-19,-25]
[-24,-26]
[-24,-25]
[-24,-25]
[-18,-25]
[-34,-18]
[-37,-17]
[-36,-20]
[-32,-26]
[-29,-24]
[-25,-22]
[-31,-14]
[-35,-16]
[-37,-15]
[-26,-7]
[-33,1]
[-21,-17]
[-23,-16]
[-31,-14]
[-32,-14]
[-28,-15]
[-31,-8]
[-31,-8]
[-34,-8]
[-39,-9]
[-40,-8]
[-36,-8]
[-31,-8]
[-46,-8]
[-51,-8]
[-51,-7]
[-46,-10]
[-43,-10]
[-37,-7]
[-45,-7]
[-49,-7]
[-36,-8]
[-36,-4]
[-40,5]
[-30,-7]
[-35,-7]
[-44,-7]
[-46,-7]
[-40,-7]
[-22,-14]
[-27,-13]
[-29,-14]
[-32,-14]
[-32,-14]
[-30,-14]
[-27,-14]
[-32,-17]
[-35,-17]
[-36,-21]
[-33,-13]
[-31,-13]
[-27,-17]
[-33,-18]
[-34,-18]
[-23,-16]
[-36,-5]
[-39,1]
[-23,-14]
[-26,-14]
[-32,-14]
[-33,-14]
[-29,-14]
[-12,-19]
[-13,-19]
[-13,-19]
[-12,-20]
[-12,-19]
[-13,-19]
[-13,-19]
[-19,-22]
[-18,-25]
[-15,-30]
[-11,-21]
[-10,-18]
[-15,-23]
[-21,-24]
[-19,-24]
[-30,-21]
[-30,-9]
[-28,-7]
[-12,-19]
[-11,-19]
[-11,-19]
[-11,-19]
[-11,-19]
[-39,-15]
[-40,-16]
[-40,-16]
[-40,-16]
[-40,-16]
[-40,-16]
[-40,-16]
[-40,-17]
[-39,-17]
[-37,-21]
[-37,-14]
[-35,-15]
[-36,-18]
[-37,-19]
[-36,-19]
[-46,-18]
[-48,-9]
[-45,-8]
[-42,-15]
[-42,-15]
[-41,-15]
[-41,-15]
[-42,-15]
[-46,-10]
[-47,-12]
[-46,-12]
[-47,-12]
[-47,-11]
[-47,-12]
[-47,-12]
[-40,-14]
[-42,-12]
[-46,-11]
[-50,-12]
[-48,-11]
[-43,-14]
[-35,-13]
[-35,-12]
[-37,-27]
[-41,-20]
[-46,-4]
[-48,-8]
[-47,-8]
[-46,-8]
[-46,-8]
[-47,-8]
[-37,-26]
[-36,-28]
[-37,-27]
[-37,-28]
[-37,-27]
[-36,-27]
[-36,-28]
[-28,-26]
[-29,-24]
[-31,-24]
[-36,-27]
[-35,-25]
[-29,-24]
[-19,-25]
[-21,-23]
[-21,-33]
[-29,-25]
[-32,-9]
[-40,-19]
[-39,-18]
[-39,-16]
[-38,-16]
[-39,-18]
