[-7,-11]
[-11,-20]
[-12,-14]
[-8,-13]
[-13,-20]
[-8,-12]
[-11,-19]
[-12,-16]
[-70,-70]
[-70,-70]
[-8,-22]
[-5,-16]
[-2,-18]
[-5,-21]
[-9,-17]
[-1,-10]
[-9,-19]
[-70,-70]
[-70,-70]
[-70,-70]
[-7,-9]
[-6,-16]
[-6,-5]
[-3,-6]
[-70,-70]
[-6,-16]
[-13,-18]
[-10,-18]
[-7,-12]
[-10,-28]
[-4,-14]
[6,-12]
[-1,-9]
[-6,-11]
[-5,-7]
[-2,-12]
[-2,-10]
[-7,-20]
[-70,-70]
[-70,-70]
[-7,-11]
[-7,-20]
[-8,-11]
[-7,-17]
[-5,-16]
[-8,-25]
[-70,-70]
[-70,-70]
[-70,-70]
[-70,-70]
[-8,-9]
[-4,-9]
[-1,-10]
[-6,-21]
[-4,-14]
[-6,-4]
[-15,-12]
[-11,-11]
[-4,-7]
[-3,-9]
[-10,-15]
[-14,-27]
[-11,-17]
[4,-9]
[-11,-5]
[-6,-7]
[-13,-7]
[-5,-15]
[-10,-17]
[-30,-35]
[-36,-29]
[-7,-20]
[-5,-6]
[-13,-14]
[-11,-14]
[-4,-14]
[-12,-14]
[-13,-24]
[-17,-17]
[-5,-13]
[-15,-15]
[-12,-15]
[-14,-10]
[-12,1]
[-5,-6]
[-10,-11]
[-14,-8]
[1,-13]
[-7,-6]
[-11,-13]
[-14,-12]
[-11,-12]
[-14,-18]
[-15,-26]
[-17,-11]
[-9,-19]
[-15,-16]
[-14,-18]
[-17,-17]
[-14,-17]
[-12,-18]
[-8,-26]
[-8,-14]
[-70,-70]
[-7,-17]
[-5,-15]
[-12,-12]
[-10,-20]
[-9,-18]
[-17,-32]
[-16,-21]
[-6,-12]
[-13,-18]
[-15,-20]
[-15,-9]
[-12,-11]
[-7,-14]
[-14,-25]
[-12,-13]
[-3,-13]
[-9,-9]
[-8,-11]
[-11,-14]
[-14,-16]
[-11,-10]
[-13,-14]
[-18,-20]
[-9,-19]
[-12,-15]
[-13,-17]
[-17,-15]
[-14,-17]
[-13,-17]
[-14,-25]
[-18,-20]
[-9,-19]
[-15,-16]
[-14,-18]
[-17,-17]
[-14,-17]
[-14,-16]
[-9,-23]
[-12,-15]
[-4,-17]
[-15,-16]
[-14,-18]
[-17,-16]
[-14,-16]
[-16,-19]
[-15,-28]
[-18,-23]
[-10,-22]
[-14,-16]
[-14,-18]
[-17,-17]
[-14,-17]
[-7,-15]
[-12,-21]
[-13,-16]
[-7,-15]
[-12,-12]
[-8,-11]
[-11,-10]
[-6,-8]
[-12,-17]
[-8,-21]
[-15,-27]
[-2,-18]
[-15,-16]
[-9,-17]
[-14,-15]
[-9,-16]
[-13,-20]
[-11,-24]
[-14,-18]
[-4,-20]
[-9,-14]
[-8,-16]
[-11,-13]
[-9,-16]
[-10,-18]
[-9,-24]
[-17,-16]
[-13,-15]
[-11,-10]
[-7,-15]
[-10,-13]
[-1,-7]
[-9,-14]
[-10,-21]
[-13,-16]
[-4,-16]
[-11,-8]
[-7,-13]
[-12,-11]
[-8,-10]
[-11,-19]
[-7,-23]
[-14,-17]
[-4,-14]
[-14,-16]
[-10,-17]
[-8,-11]
[-7,-13]
[-6,-14]
[-9,-20]
[-14,-18]
[-11,-15]
[-11,-13]
[-9,-11]
[-13,-18]
[-11,-16]
[-11,-13]
[-11,-22]
[-9,-14]
[1,-13]
[-5,-10]
[-6,-9]
[-7,-7]
[-7,-14]
[-9,-18]
[-11,-21]
[-11,-16]
[2,-12]
[-7,-8]
[-6,-13]
[-7,-7]
[-3,-7]
[-4,-8]
[-5,-16]
[-10,-10]
[-3,-15]
[-11,-7]
[-13,-11]
[-19,-13]
[-11,-13]
[-11,-14]
[-12,-22]
[-15,-16]
[-6,-15]
[-12,-12]
[-7,-11]
[-10,-10]
[-7,-10]
[-7,-11]
[-8,-19]
[-11,-13]
[-4,-12]
[-10,-7]
[-9,-9]
[-12,-8]
[-9,-8]
[-9,-9]
[-9,-17]
[-15,-11]
[-5,-9]
[-10,-8]
[-10,-8]
[-11,-9]
[-8,-10]
[-10,-12]
[-9,-20]
[-12,-13]
[-3,-12]
[-11,-10]
[-9,-8]
[-12,-7]
[-9,-7]
[-9,-8]
[-10,-16]
[-13,-10]
[-1,-9]
[-7,-6]
[-6,-8]
[-9,-7]
[-6,-7]
[-6,-8]
[-6,-19]
[-10,-12]
[-3,-11]
[-7,-8]
[-11,-15]
[-14,-14]
[-5,-5]
[-12,-11]
[-10,-17]
[-13,-12]
[0,-10]
[-9,-10]
[-8,-12]
[-11,-11]
[-8,-11]
[-8,-12]
[-9,-20]
[-12,-14]
[-3,-13]
[-7,-5]
[-6,-7]
[-9,-6]
[-6,-6]
[-6,-7]
[-7,-15]
[-10,-9]
[-1,-8]
[-7,-8]
[-6,-13]
[-9,-12]
[-6,-12]
[-9,-11]
[-9,-22]
[-14,-14]
[-1,-14]
[-7,-11]
[-10,-11]
[-17,-19]
[-14,-15]
[-14,-17]
[-16,-25]
[-11,-13]
[-3,-8]
[-10,-8]
[-13,-10]
[-15,-10]
[-14,-12]
[-12,-13]
[-13,-22]
[-16,-16]
[-8,-13]
[-14,-10]
[-4,-6]
[-7,-5]
[-4,-5]
[-4,-6]
[-5,-14]
[-8,-8]
[1,-7]
[-12,-16]
[-11,-18]
[-8,-11]
[-5,-11]
[-5,-12]
[-6,-20]
[-9,-12]
[-4,-13]
[-7,-8]
[-8,-9]
[-13,-11]
[-10,-12]
[-10,-13]
[-10,-19]
[-16,-17]
[-6,-15]
[-6,-7]
[-5,-7]
[-17,-8]
[-9,-13]
[-14,-13]
[-12,-20]
[-16,-14]
[-7,-13]
[-11,-9]
[-13,-13]
[-21,-14]
[-15,-15]
[-15,-17]
[-15,-25]
[-18,-19]
[-9,-17]
[-15,-15]
[-14,-15]
[-16,-16]
[-15,-16]
[-13,-17]
[-14,-25]
[-19,-19]
[-9,-17]
[-12,-15]
[-9,-17]
[-7,-12]
[-9,-16]
[-13,-16]
[-11,-25]
[-14,-19]
[-4,-17]
[-12,-15]
[-6,-10]
[-9,-12]
[-9,-8]
[-11,-12]
[-8,-18]
[-14,-10]
[-3,-9]
[-13,-6]
[-11,-12]
[-20,-9]
[-11,-10]
[-12,-11]
[-13,-21]
[-15,-13]
[-7,-14]
[-11,-9]
[-11,-12]
[-15,-11]
[-10,-11]
[-10,-10]
[-8,-21]
[-11,-14]
[-3,-13]
[-10,-13]
[-9,-11]
[-12,-15]
[-8,-12]
[-11,-12]
[-12,-23]
[-22,-19]
[-13,-18]
[-16,-15]
[-15,-16]
[-19,-16]
[-13,-16]
[-10,-16]
[-14,-24]
[-14,-20]
[-4,-18]
[-12,-9]
[-8,-9]
[-15,-8]
[-10,-13]
[-7,-14]
[-9,-19]
[-14,-14]
[-3,-13]
[-12,-10]
[-11,-19]
[-10,-15]
[-11,-15]
[-10,-14]
[-10,-23]
[-20,-12]
[-10,-17]
[-10,-13]
[-11,-15]
[-11,-12]
[-9,-14]
[-9,-15]
[-7,-20]
[-14,-17]
[-9,-17]
[-13,-11]
[-9,-10]
[-16,-11]
[-10,-10]
[-11,-11]
[-12,-18]
[-7,-19]
[-3,-15]
[-11,-8]
[-12,-15]
[-13,-11]
[-9,-11]
[-9,-16]
[-10,-25]
[-18,-15]
[-1,-16]
[-8,-8]
[-6,-9]
[-17,-16]
[-10,-9]
[-9,-14]
[-10,-18]
[-11,-12]
[-10,-11]
[-16,-9]
[-15,-11]
[-18,-11]
[-15,-11]
[-14,-15]
[-10,-25]
[-16,-18]
[-6,-17]
[-8,-15]
[-12,-12]
[-15,-11]
[-12,-11]
[-12,-12]
[-13,-20]
[-18,-17]
[-4,-8]
[-12,-14]
[-14,-16]
[-18,-11]
[-15,-9]
[-12,-7]
[-13,-14]
[-17,-11]
[-4,-7]
[-20,-20]
[-12,-19]
[-16,-16]
[-7,-17]
[-16,-23]
