[-4,-24]
[-5,-24]
[-6,-26]
[-5,-33]
[-5,-32]
[-5,-32]
[-12,-24]
[-11,-25]
[-6,-26]
[7,-29]
[6,-29]
[6,-29]
[-18,-27]
[-16,-27]
[-9,-27]
[10,-23]
[8,-23]
[8,-23]
[-19,-31]
[-17,-30]
[-11,-27]
[1,-17]
[-1,-17]
[0,-17]
[-14,-33]
[-13,-31]
[-12,-27]
[-13,-15]
[-13,-16]
[-13,-16]
[-6,-32]
[-7,-30]
[-12,-27]
[-25,-18]
[-24,-19]
[-24,-19]
[-1,-30]
[-3,-29]
[-10,-27]
[-27,-25]
[-25,-25]
[-26,-25]
[1,-25]
[-2,-25]
[-7,-27]
[-19,-31]
[-18,-31]
[-18,-31]
[-7,-31]
[-8,-31]
[-9,-32]
[-11,-34]
[-11,-35]
[-10,-35]
[-8,-34]
[-7,-32]
[-70,-70]
[-70,-70]
[-70,-70]
[-70,-70]
[-70,-70]
[-70,-70]
[-70,-70]
[-70,-70]
