[-6,-29]
[-7,-29]
[-7,-29]
[-6,-31]
[-6,-31]
[-7,-30]
[-5,-30]
[-4,-30]
[-8,-29]
[-9,-28]
[-6,-29]
[2,-28]
[5,-27]
[2,-28]
[1,-27]
[0,-27]
[-11,-29]
[-10,-29]
[-7,-28]
[4,-23]
[8,-21]
[4,-23]
[2,-23]
[-1,-24]
[-13,-31]
[-12,-30]
[-9,-28]
[-2,-19]
[1,-15]
[-1,-18]
[-5,-20]
[-7,-22]
[-13,-32]
[-12,-30]
[-11,-28]
[-13,-18]
[-13,-13]
[-12,-17]
[-14,-20]
[-15,-23]
[-11,-32]
[-10,-30]
[-12,-28]
[-21,-21]
[-24,-17]
[-21,-20]
[-20,-23]
[-19,-26]
[-8,-32]
[-8,-30]
[-12,-29]
[-22,-26]
[-27,-24]
[-23,-25]
[-20,-27]
[-18,-29]
[-6,-30]
[-7,-29]
[-10,-29]
[-16,-30]
[-19,-30]
[-17,-29]
[-14,-30]
[-12,-31]
[-70,-70]
[-70,-70]
[-70,-70]
[-70,-70]
[-70,-70]
[-70,-70]
[-70,-70]
[-70,-70]
