[-3,-21]
[-3,-21]
[-3,-21]
[-3,-21]
[-3,-21]
[-3,-21]
[-3,-21]
[-3,-21]
[-3,-21]
[-3,-21]
[-49,-16]
[-34,-16]
[-31,-16]
[-34,-16]
[-38,-16]
[-49,-16]
[-39,-16]
[-34,-16]
[-35,-16]
[-35,-16]
[-63,-7]
[-47,-7]
[-43,-7]
[-45,-7]
[-49,-7]
[-60,-7]
[-59,-7]
[-47,-7]
[-44,-7]
[-44,-7]
[-45,-38]
[-30,-29]
[-26,-26]
[-30,-29]
[-34,-32]
[-42,-38]
[-37,-32]
[-30,-29]
[-30,-27]
[-30,-26]
[-3,-47]
[-3,-34]
[-3,-32]
[-3,-33]
[-2,-36]
[-3,-48]
[-3,-43]
[-2,-34]
[-2,-36]
[-2,-36]
[-16,-36]
[-16,-28]
[-16,-25]
[-16,-26]
[-16,-31]
[-16,-35]
[-16,-31]
[-16,-27]
[-16,-26]
[-16,-26]
[-23,-7]
[-23,-8]
[-23,-8]
[-23,-8]
[-23,-7]
[-23,-7]
[-23,-7]
[-23,-7]
[-23,-7]
[-23,-7]
[-16,-16]
[-16,-16]
[-16,-16]
[-16,-16]
[-16,-16]
[-16,-16]
[-16,-16]
[-16,-16]
[-16,-16]
[-16,-16]
