[-12,-21]
[-12,-22]
[-11,-23]
[-12,-21]
[-11,-22]
[-11,-23]
[-11,-23]
[-10,-24]
[-10,-25]
[-10,-23]
[-10,-24]
[-11,-24]
[-11,-24]
[-9,-25]
[-8,-26]
[-9,-24]
[-9,-25]
[-10,-26]
[-12,-25]
[-12,-26]
[-13,-27]
[-13,-25]
[-13,-27]
[-13,-27]
[-13,-25]
[-13,-27]
[-13,-28]
[-13,-26]
[-13,-26]
[-13,-28]
[-8,-26]
[-8,-28]
[-8,-28]
[-8,-26]
[-8,-28]
[-8,-28]
[-4,-26]
[-4,-27]
[-4,-27]
[-4,-26]
[-4,-27]
[-5,-27]
[-7,-24]
[-8,-25]
[-7,-25]
[-7,-24]
[-7,-25]
[-7,-25]
[-11,-21]
[-11,-21]
[-11,-21]
[-10,-22]
[-10,-22]
[-9,-23]
[-11,-24]
[-11,-24]
[-11,-24]
[-14,-25]
[-14,-25]
[-14,-24]
[-13,-26]
[-13,-26]
[-13,-26]
[-7,-27]
[-7,-27]
[-7,-27]
[-4,-26]
[-4,-26]
[-4,-26]
[-8,-23]
[-8,-23]
[-8,-24]
[-10,-22]
[-10,-23]
[-10,-24]
[-10,-22]
[-9,-22]
[-9,-23]
[-7,-23]
[-8,-23]
[-9,-24]
[-9,-22]
[-8,-23]
[-8,-24]
[-11,-23]
[-11,-23]
[-12,-25]
[-12,-23]
[-12,-22]
[-11,-23]
[-14,-23]
[-14,-23]
[-14,-25]
[-14,-23]
[-14,-22]
[-14,-24]
[-10,-23]
[-9,-23]
[-9,-25]
[-9,-23]
[-9,-23]
[-9,-24]
[-6,-25]
[-6,-26]
[-6,-27]
[-6,-25]
[-6,-25]
[-7,-26]
[-8,-25]
[-8,-26]
[-8,-27]
[-8,-25]
[-9,-25]
[-9,-26]
[-11,-23]
[-11,-24]
[-11,-25]
[-11,-23]
[-11,-23]
[-11,-25]
[-10,-21]
[-9,-21]
[-10,-21]
[-7,-21]
[-7,-21]
[-7,-21]
[-13,-21]
[-13,-21]
[-13,-20]
[-14,-22]
[-14,-22]
[-14,-21]
[-10,-23]
[-10,-23]
[-10,-23]
[-6,-25]
[-7,-24]
[-7,-24]
[-9,-25]
[-9,-24]
[-9,-24]
[-12,-23]
[-12,-22]
[-12,-22]
[-11,-21]
[-10,-6]
[-12,18]
[-12,19]
[-11,17]
[-11,-20]
[-13,-6]
[-22,13]
[-21,14]
[-21,13]
[-12,-18]
[-15,-6]
[-23,6]
[-23,7]
[-23,5]
[-12,-17]
[-15,-5]
[-24,-1]
[-23,-1]
[-22,-2]
[-14,-15]
[-13,-5]
[-13,-4]
[-13,-4]
[-13,-4]
[-8,-18]
[-7,-6]
[3,-4]
[1,-3]
[0,-3]
[-7,-20]
[-5,-7]
[11,3]
[11,4]
[10,3]
[-8,-21]
[-6,-7]
[4,12]
[4,13]
[3,12]
[-5,-17]
[-7,-15]
[-12,-17]
[-11,-17]
[-15,-16]
[-16,-16]
[-9,-18]
[-11,-17]
[-17,-18]
[-17,-17]
[-16,-19]
[-17,-19]
[-18,-21]
[-18,-21]
[-15,-23]
[-15,-23]
[-22,-22]
[-19,-25]
[-10,-26]
[-10,-26]
[-14,-23]
[-10,-26]
[-6,-25]
[-6,-26]
[-2,-23]
[-4,-24]
[-6,-22]
[-7,-22]
[0,-20]
[-5,-19]
[-13,-19]
[-13,-19]
[-13,-13]
[-15,-8]
[-8,-1]
[0,-8]
[3,5]
[2,7]
[-15,-17]
[-16,-12]
[-6,-1]
[3,-3]
[8,22]
[7,22]
[-19,-20]
[-20,-17]
[-11,-3]
[-4,1]
[-2,27]
[-2,26]
[-16,-23]
[-18,-20]
[-16,-5]
[-19,3]
[-12,29]
[-16,29]
[-11,-24]
[-13,-21]
[-16,-7]
[-25,-4]
[-33,25]
[-38,26]
[-6,-21]
[-8,-19]
[-14,-8]
[-20,-10]
[-48,16]
[-43,16]
[-4,-15]
[-7,-13]
[-11,-6]
[-12,-14]
[-40,3]
[-36,3]
[-12,-12]
[-8,-8]
[-6,-3]
[-8,-12]
[-12,-1]
[-11,0]
[-11,-23]
[-11,-25]
[-11,-25]
[-10,-23]
[-9,-25]
[-9,-25]
[-10,-24]
[-10,-24]
[-11,-24]
[-12,-25]
[-11,-24]
[-11,-24]
[-14,-24]
[-14,-22]
[-14,-22]
[-13,-26]
[-16,-26]
[-16,-26]
[-5,-26]
[-13,-27]
[-13,-27]
[-9,-25]
[-15,-27]
[-15,-27]
[-70,-70]
[-70,-70]
[-70,-70]
[-70,-70]
[-70,-70]
[-70,-70]
[-70,-70]
[-70,-70]
