[-6,0]
[-7,0]
[-7,1]
[-5,-5]
[-5,-4]
[-5,-4]
[-9,-1]
[-10,1]
[-8,1]
[3,-1]
[2,-2]
[2,-1]
[-10,-3]
[-10,-1]
[-8,0]
[2,3]
[1,3]
[2,4]
[-16,-4]
[-16,-3]
[-13,-1]
[-9,9]
[-9,8]
[-9,7]
[-16,-4]
[-16,-3]
[-15,0]
[-17,9]
[-17,8]
[-17,8]
[-10,-4]
[-10,-3]
[-13,-1]
[-18,5]
[-17,5]
[-17,4]
[-12,-2]
[-13,-1]
[-17,1]
[-26,-1]
[-25,-1]
[-25,-2]
[-9,0]
[-10,-1]
[-13,1]
[-20,-5]
[-19,-4]
[-20,-5]
[-7,-6]
[-6,-4]
[-8,-4]
[-11,-6]
[-10,-8]
[-5,-7]
[-4,-9]
[-6,-7]
[-70,-70]
[-70,-70]
[-70,-70]
[-70,-70]
[-70,-70]
[-70,-70]
[-70,-70]
[-70,-70]
