[-6,-21]
[-6,-20]
[-7,-23]
[-7,-24]
[-6,-28]
[-6,-28]
[-9,-21]
[-10,-21]
[-8,-22]
[-11,-24]
[-14,-27]
[-13,-26]
[-14,-22]
[-16,-23]
[-16,-24]
[-19,-21]
[-23,-22]
[-21,-21]
[-15,-22]
[-17,-26]
[-19,-27]
[-20,-27]
[-17,-27]
[-16,-26]
[-9,-26]
[-14,-28]
[-14,-28]
[-14,-28]
[-10,-28]
[-10,-28]
[-9,-26]
[-9,-27]
[-8,-27]
[-7,-27]
[-8,-27]
[-10,-27]
[-13,-24]
[-13,-24]
[-13,-24]
[-13,-24]
[-14,-23]
[-15,-23]
[-11,-21]
[-10,-21]
[-12,-22]
[-13,-21]
[-12,-25]
[-11,-26]
[-70,-70]
[-70,-70]
[-70,-70]
[-70,-70]
[-70,-70]
[-70,-70]
[-70,-70]
[-70,-70]
