[-3,-29]
[-3,-29]
[0,-29]
[-3,-28]
[-6,-27]
[-5,-28]
[-6,-29]
[-8,-29]
[-9,-28]
[-12,-28]
[-15,-28]
[-13,-28]
[-11,-30]
[-14,-31]
[-17,-30]
[-18,-31]
[-19,-31]
[-18,-31]
[-15,-32]
[-16,-33]
[-18,-34]
[-18,-34]
[-18,-34]
[-18,-34]
[-15,-33]
[-14,-35]
[-14,-36]
[-13,-35]
[-12,-35]
[-13,-35]
[-12,-34]
[-9,-34]
[-8,-34]
[-7,-35]
[-4,-35]
[-6,-35]
[-7,-33]
[-4,-33]
[-2,-33]
[-1,-32]
[1,-31]
[0,-32]
[-4,-31]
[-2,-30]
[3,-30]
[1,-29]
[1,-29]
[0,-30]
[-70,-70]
[-70,-70]
[-70,-70]
[-70,-70]
[-70,-70]
[-70,-70]
[-70,-70]
[-70,-70]
