[-8,-29]
[-8,-30]
[-9,-30]
[-8,-29]
[-8,-30]
[-8,-30]
[-12,-28]
[-10,-29]
[-10,-30]
[-14,-28]
[-12,-29]
[-10,-30]
[-20,-28]
[-17,-29]
[-12,-30]
[-18,-28]
[-16,-29]
[-12,-30]
[-16,-29]
[-15,-30]
[-12,-31]
[-14,-29]
[-13,-30]
[-11,-30]
[-12,-29]
[-11,-31]
[-10,-31]
[-10,-29]
[-10,-31]
[-12,-31]
[-10,-30]
[-6,-31]
[-8,-32]
[-11,-30]
[-5,-31]
[-8,-31]
[-11,-29]
[-4,-31]
[-6,-31]
[-11,-29]
[-4,-31]
[-7,-31]
[-8,-29]
[-4,-30]
[-7,-31]
[-9,-29]
[-7,-30]
[-6,-31]
[-10,-28]
[-10,-28]
[-10,-28]
[-8,-27]
[-8,-28]
[-8,-28]
[-9,-28]
[-9,-28]
[-9,-28]
[-12,-29]
[-12,-29]
[-12,-28]
[-10,-30]
[-10,-30]
[-10,-29]
[-5,-30]
[-5,-30]
[-5,-30]
[-6,-30]
[-6,-30]
[-6,-30]
[-9,-29]
[-9,-29]
[-9,-29]
[-9,-29]
[-9,-29]
[-9,-30]
[-9,-28]
[-8,-29]
[-8,-30]
[-10,-27]
[-12,-28]
[-10,-29]
[-14,-27]
[-16,-27]
[-8,-28]
[-16,-26]
[-21,-27]
[-12,-28]
[-18,-26]
[-21,-26]
[-11,-27]
[-16,-26]
[-17,-26]
[-16,-28]
[-16,-26]
[-16,-25]
[-16,-26]
[-15,-27]
[-15,-27]
[-14,-28]
[-14,-27]
[-14,-26]
[-15,-27]
[-11,-28]
[-7,-29]
[-7,-30]
[-12,-28]
[-8,-28]
[-8,-29]
[-16,-29]
[-13,-30]
[-13,-31]
[-14,-29]
[-13,-29]
[-13,-30]
[-12,-30]
[-12,-30]
[-12,-31]
[-12,-29]
[-12,-29]
[-12,-31]
[-9,-27]
[-9,-27]
[-9,-27]
[-5,-25]
[-5,-25]
[-5,-25]
[-13,-24]
[-13,-24]
[-13,-24]
[-18,-24]
[-18,-24]
[-18,-24]
[-14,-26]
[-13,-26]
[-14,-25]
[-6,-28]
[-6,-27]
[-6,-27]
[-13,-29]
[-13,-28]
[-13,-28]
[-14,-29]
[-14,-28]
[-14,-28]
[-10,-26]
[-9,-12]
[-11,10]
[-11,11]
[-13,10]
[-10,-24]
[-11,-10]
[-21,9]
[-20,10]
[-18,8]
[-11,-20]
[-14,-7]
[-22,3]
[-21,4]
[-21,3]
[-10,-17]
[-15,-5]
[-23,-4]
[-22,-3]
[-20,-4]
[-11,-17]
[-11,-5]
[-13,-8]
[-13,-7]
[-13,-7]
[-10,-19]
[-11,-7]
[-9,-6]
[-10,-5]
[-10,-5]
[-12,-23]
[-11,-9]
[-7,0]
[-7,1]
[-2,0]
[-7,-26]
[-11,-11]
[-8,6]
[-7,7]
[-10,6]
[-16,-23]
[-14,-22]
[-12,-19]
[-12,-21]
[-17,-22]
[-17,-20]
[-15,-17]
[-15,-19]
[-16,-23]
[-15,-21]
[-15,-20]
[-18,-21]
[-17,-25]
[-18,-25]
[-19,-26]
[-19,-26]
[-27,-27]
[-24,-29]
[-13,-30]
[-12,-30]
[-21,-28]
[-19,-31]
[-9,-31]
[-13,-31]
[-4,-27]
[-5,-29]
[-20,-29]
[-19,-29]
[-5,-25]
[-7,-26]
[-18,-24]
[-14,-25]
[-12,-21]
[-18,-13]
[-13,-7]
[-16,-14]
[-29,7]
[-33,9]
[-18,-21]
[-20,-19]
[-16,-10]
[-21,-6]
[-25,4]
[-28,9]
[-23,-24]
[-20,-20]
[-21,-7]
[-21,1]
