[-7,-5]
[-6,-4]
[-6,-5]
[-6,-3]
[-6,-2]
[-6,-3]
[-6,-3]
[-7,-3]
[-7,-2]
[-5,-2]
[-3,-3]
[-3,-4]
[-6,-4]
[-7,-4]
[-7,-4]
[-7,-4]
[-7,-3]
[-7,-4]
[-8,-2]
[-7,-2]
[-8,-2]
[-9,-3]
[-10,-4]
[-10,-4]
[-10,-4]
[-9,-4]
[-9,-3]
[-13,-4]
[-12,-3]
[-13,-2]
[-13,-4]
[-13,-4]
[-13,-3]
[-13,-4]
[-13,-4]
[-12,-4]
[-12,-3]
[-12,-3]
[-12,-4]
[-12,-6]
[-12,-4]
[-12,-5]
[-12,-5]
[-12,-6]
[-12,-4]
[-7,-3]
[-8,-5]
[-8,-6]
[-6,-4]
[-7,-6]
[-7,-6]
[-7,-6]
[-6,-4]
[-7,-4]
[-12,-5]
[-13,-5]
[-13,-6]
[-11,-6]
[-11,-4]
[-11,-4]
[-11,-5]
[-10,-5]
[-11,-5]
[-11,-5]
[-12,-5]
[-12,-5]
[-11,-5]
[-10,-5]
[-10,-5]
[-10,-5]
[-10,-4]
[-11,-3]
[-6,-3]
[-8,-4]
[-7,-5]
[-7,0]
[-7,1]
[-7,0]
[-7,0]
[-7,0]
[-7,0]
[-7,-3]
[-6,-4]
[-8,-4]
[-6,1]
[-6,1]
[-6,1]
[-6,1]
[-6,1]
[-6,1]
[-10,-5]
[-8,-5]
[-6,-3]
[-7,1]
[-8,3]
[-6,3]
[-6,4]
[-6,4]
[-6,4]
[-13,-3]
[-10,-3]
[-8,-2]
[-10,3]
[-10,1]
[-9,2]
[-9,3]
[-9,3]
[-9,3]
[-12,-6]
[-13,-5]
[-14,-4]
[-18,0]
[-19,1]
[-19,2]
[-19,3]
[-20,3]
[-20,3]
[-6,-5]
[-12,-4]
[-17,-3]
[-21,-1]
[-21,-4]
[-22,-3]
[-23,-2]
[-23,-3]
[-23,-2]
[-10,-4]
[-5,-4]
[-12,-4]
[-13,-5]
[-12,-5]
[-14,-5]
[-14,-4]
[-14,-4]
[-14,-4]
[-10,-4]
[-7,-6]
[-5,-7]
[-6,-3]
[-6,-2]
[-6,-3]
[-6,-2]
[-7,-2]
[-7,-2]
[-9,-2]
[-7,-4]
[-7,-4]
[-8,-4]
[-8,-4]
[-7,-4]
[-8,-4]
[-11,-2]
[-11,-1]
[-12,-1]
[-7,-3]
[-8,-4]
[-8,-4]
[-9,-5]
[-9,-4]
[-9,-5]
[-8,-4]
[-9,-1]
[-9,0]
[-9,0]
[-8,-4]
[-7,-3]
[-7,-4]
[-7,-5]
[-7,-4]
[-7,-5]
[-6,-5]
[-4,-1]
[-4,-1]
[-4,0]
[-9,-6]
[-8,-5]
[-7,-5]
[-6,-7]
[-5,-4]
[-5,-2]
[-6,-1]
[-4,-1]
[-5,-1]
[-4,-1]
[-12,-5]
[-9,-6]
[-8,-6]
[-8,-6]
[-7,-6]
[-7,-5]
[-8,-3]
[-7,4]
[-8,4]
[-7,4]
[-11,-6]
[-12,-6]
[-12,-5]
[-13,-4]
[-14,-4]
[-14,-4]
[-15,-3]
[-18,2]
[-18,3]
[-18,2]
[-5,-5]
[-10,-5]
[-12,-4]
[-14,-4]
[-14,-4]
[-15,-4]
[-16,-4]
[-22,0]
[-22,-1]
[-22,-1]
[-9,-3]
[-4,-4]
[-6,-3]
[-7,-3]
[-8,-4]
[-8,-5]
[-9,-5]
[-15,-3]
[-15,-3]
[-15,-3]
[-70,-70]
[-70,-70]
[-70,-70]
[-70,-70]
[-70,-70]
[-70,-70]
[-70,-70]
[-70,-70]
