[-5,-31]
[-5,-31]
[-7,-32]
[-8,-32]
[-10,-32]
[-8,-32]
[-7,-32]
[-5,-32]
[-4,-31]
[-4,-29]
[-4,-30]
[-5,-30]
[-4,-31]
[-1,-31]
[-1,-30]
[-1,-30]
[-1,-29]
[-3,-28]
[-6,-28]
[-6,-29]
[-5,-29]
[-4,-29]
[2,-29]
[2,-28]
[0,-29]
[-1,-28]
[-5,-27]
[-11,-29]
[-10,-29]
[-8,-29]
[-7,-28]
[-2,-26]
[-2,-25]
[-4,-26]
[-7,-27]
[-11,-28]
[-14,-30]
[-13,-30]
[-12,-29]
[-11,-28]
[-9,-24]
[-10,-24]
[-12,-26]
[-14,-28]
[-15,-29]
[-15,-31]
[-14,-31]
[-14,-30]
[-14,-28]
[-16,-25]
[-17,-26]
[-17,-28]
[-17,-30]
[-16,-31]
[-12,-32]
[-12,-32]
[-13,-31]
[-15,-30]
[-19,-28]
[-19,-28]
[-17,-30]
[-16,-32]
[-13,-32]
[-8,-32]
[-9,-32]
[-11,-32]
[-12,-31]
[-17,-30]
[-16,-31]
[-14,-32]
[-11,-32]
[-8,-32]
[-8,-32]
[-10,-33]
[-10,-33]
[-4,-29]
[-1,-28]
[0,-29]
[0,-29]
[1,-28]
[1,-28]
[-1,-30]
[-2,-32]
[-4,-31]
[1,-27]
[4,-25]
[6,-25]
[6,-25]
[7,-24]
[7,-24]
[2,-28]
[2,-30]
[-1,-30]
[-1,-24]
[1,-21]
[3,-20]
[3,-20]
[3,-19]
[3,-19]
[-3,-25]
[-1,-27]
[-3,-28]
[-8,-22]
[-8,-19]
[-7,-17]
[-8,-17]
[-8,-17]
[-8,-17]
[-10,-24]
[-9,-26]
[-9,-27]
[-15,-23]
[-18,-20]
[-18,-19]
[-19,-19]
[-19,-18]
[-19,-18]
[-17,-26]
[-16,-27]
[-15,-28]
[-19,-26]
[-22,-24]
[-23,-23]
[-24,-23]
[-24,-23]
[-24,-23]
[-19,-28]
[-19,-29]
[-17,-29]
[-17,-28]
[-19,-27]
[-21,-27]
[-21,-27]
[-21,-27]
[-21,-27]
[-15,-31]
[-16,-31]
[-15,-31]
[-11,-30]
[-11,-30]
[-11,-30]
[-11,-30]
[-10,-30]
[-10,-30]
[-6,-30]
[-7,-31]
[-8,-29]
[-9,-28]
[-9,-27]
[-9,-29]
[-7,-32]
[-14,-30]
[-12,-29]
[-10,-29]
[-6,-29]
[-8,-30]
[-11,-29]
[-13,-29]
[-13,-28]
[-10,-29]
[-4,-30]
[-1,-29]
[0,-29]
[0,-29]
[-8,-29]
[-10,-30]
[-13,-30]
[-14,-30]
[-14,-29]
[-11,-29]
[-4,-28]
[7,-25]
[5,-25]
[4,-25]
[-11,-29]
[-11,-30]
[-13,-31]
[-13,-32]
[-13,-32]
[-11,-30]
[-8,-27]
[5,-20]
[3,-20]
[1,-20]
[-13,-31]
[-12,-31]
[-11,-32]
[-10,-33]
[-10,-33]
[-10,-31]
[-12,-27]
[-5,-15]
[-7,-16]
[-8,-17]
[-13,-32]
[-11,-32]
[-8,-32]
[-6,-33]
[-6,-33]
[-8,-32]
[-14,-29]
[-17,-15]
[-18,-17]
[-18,-18]
[-11,-32]
[-9,-32]
[-6,-31]
[-5,-31]
[-4,-31]
[-7,-31]
[-15,-31]
[-25,-19]
[-23,-20]
[-22,-22]
[-8,-32]
[-7,-32]
[-6,-30]
[-5,-29]
[-5,-29]
[-7,-30]
[-11,-32]
[-23,-25]
[-21,-26]
[-20,-27]
[-70,-70]
[-70,-70]
[-70,-70]
[-70,-70]
[-70,-70]
[-70,-70]
[-70,-70]
[-70,-70]
