[-11,-27]
[-30,-32]
[-19,-12]
[-29,-16]
[-18,-24]
[-16,-25]
[-11,-22]
[-19,-23]
[-19,-39]
[-32,-16]
[-28,-23]
[-12,-30]
[-11,-27]
[-14,-22]
[-19,-21]
[-30,-36]
[-27,-19]
[-13,-31]
[-8,-31]
[-19,-28]
[-22,-23]
[-14,-22]
[-35,-24]
[-12,-26]
[-6,-30]
[-17,-28]
[-18,-27]
[-19,-25]
[-15,-22]
[-21,-28]
[-12,-24]
[-19,-22]
[-19,-20]
[-11,-24]
[-12,-25]
[-20,-27]
[-9,-22]
[-26,-15]
[-31,-12]
[-17,-14]
[-9,-22]
[-12,-25]
[-18,-30]
[-40,-19]
[-24,-9]
[-20,-9]
[-16,-15]
[-14,-21]
[-14,-24]
[-10,-31]
[-37,-18]
[-21,-10]
[-16,-12]
[-17,-17]
[-14,-22]
[-12,-23]
[-6,-28]
[-6,-27]
[-17,-27]
[-8,-39]
[-12,-30]
[-5,-26]
[-5,-24]
[-5,-26]
[-7,-34]
[-5,-29]
[-13,-24]
[-12,-23]
[-15,-23]
[-18,-26]
[-14,-25]
[-18,-23]
[-17,-22]
[-20,-20]
[-20,-22]
[-18,-22]
[-14,-24]
[-13,-24]
[-16,-20]
[-14,-20]
[-13,-21]
[-16,-26]
[-18,-26]
[-15,-21]
[-26,-21]
[-17,-23]
[-20,-28]
[-20,-28]
[-20,-24]
[-36,-25]
[-21,-26]
[-16,-29]
[-17,-29]
[-19,-27]
[-25,-34]
[-17,-29]
[-69,-69]
[-69,-69]
[-69,-69]
[-69,-69]
[-69,-69]
[-69,-69]
[-69,-69]
[-69,-69]
