[-6,-28]
[-7,-29]
[-8,-29]
[-10,-29]
[-18,-29]
[-16,-29]
[-14,-29]
[-10,-29]
[-9,-28]
[-4,-26]
[-4,-27]
[-5,-27]
[-5,-27]
[-15,-27]
[-13,-27]
[-10,-27]
[-8,-26]
[-5,-25]
[-19,-24]
[-19,-25]
[-14,-25]
[-14,-24]
[-14,-23]
[-14,-23]
[-14,-23]
[-14,-23]
[-14,-23]
[-27,-23]
[-28,-24]
[-22,-25]
[-19,-23]
[-16,-19]
[-16,-19]
[-16,-20]
[-16,-21]
[-16,-22]
[-20,-24]
[-21,-30]
[-18,-34]
[-30,-22]
[-12,-18]
[-12,-18]
[-12,-20]
[-13,-21]
[-18,-23]
[-16,-27]
[-23,-35]
[-21,-38]
[-25,-33]
[-16,-19]
[-15,-20]
[-15,-22]
[-21,-24]
[-11,-26]
[-23,-28]
[-26,-32]
[-20,-36]
[-23,-40]
[-24,-23]
[-21,-24]
[-18,-25]
[-19,-27]
[-18,-28]
[-17,-29]
[-16,-29]
[-15,-29]
[-19,-37]
[-19,-27]
[-17,-28]
[-14,-28]
[-15,-29]
[-17,-29]
[-16,-29]
[-11,-30]
[-9,-29]
[-9,-26]
[-9,-25]
[-9,-26]
[-10,-26]
[-9,-25]
[-9,-25]
[-13,-27]
[-10,-29]
[-16,-28]
[-17,-22]
[-17,-20]
[-17,-20]
[-17,-20]
[-17,-20]
[-17,-19]
[-14,-23]
[-7,-25]
[-17,-25]
[-18,-18]
[-18,-15]
[-18,-14]
[-18,-14]
[-18,-13]
[-18,-13]
[-16,-19]
[-11,-21]
[-8,-22]
[-8,-16]
[-16,-12]
[-28,-11]
[-29,-11]
[-30,-10]
[-30,-10]
[-13,-18]
[-16,-19]
[-17,-21]
[-19,-17]
[-31,-14]
[-33,-21]
[-29,-24]
[-30,-24]
[-30,-24]
[-14,-20]
[-16,-21]
[-21,-22]
[-24,-20]
[-30,-22]
[-24,-33]
[-24,-34]
[-24,-33]
[-24,-33]
[-20,-24]
[-21,-24]
[-19,-25]
[-18,-24]
[-16,-28]
[-16,-36]
[-16,-35]
[-16,-35]
[-16,-34]
[-17,-28]
[-15,-28]
[-14,-28]
[-7,-27]
[-9,-28]
[-11,-29]
[-12,-27]
[-13,-27]
[-13,-27]
[-10,-28]
[-8,-36]
[-9,-33]
[-9,-27]
[-10,-25]
[-8,-29]
[-6,-40]
[-10,-26]
[-11,-26]
[-11,-26]
[-8,-26]
[-11,-32]
[-10,-32]
[-10,-29]
[-12,-29]
[-10,-29]
[-10,-37]
[-10,-26]
[-10,-25]
[-10,-25]
[-7,-25]
[-15,-26]
[-14,-33]
[-14,-32]
[-17,-31]
[-13,-30]
[-13,-29]
[-14,-20]
[-14,-19]
[-13,-20]
[-10,-25]
[-10,-26]
[-11,-34]
[-10,-35]
[-13,-34]
[-10,-32]
[-10,-23]
[-10,-13]
[-10,-13]
[-10,-14]
[-22,-26]
[-13,-27]
[-11,-36]
[-9,-37]
[-7,-36]
[-9,-32]
[-10,-22]
[-6,-9]
[-6,-10]
[-6,-11]
[-23,-27]
[-19,-28]
[-13,-36]
[-13,-36]
[-13,-34]
[-13,-33]
[-17,-26]
[-16,-10]
[-17,-12]
[-17,-13]
[-22,-28]
[-18,-34]
[-15,-36]
[-16,-32]
[-16,-30]
[-15,-32]
[-20,-34]
[-21,-15]
[-23,-17]
[-22,-18]
[-15,-28]
[-14,-38]
[-10,-35]
[-10,-28]
[-10,-25]
[-10,-30]
[-14,-40]
[-21,-22]
[-22,-23]
[-22,-24]
[-69,-69]
[-69,-69]
[-69,-69]
[-69,-69]
[-69,-69]
[-69,-69]
[-69,-69]
[-69,-69]
