[-5,-5]
[-5,-6]
[-5,-7]
[-5,-5]
[-5,-7]
[-5,-7]
[-6,-5]
[-6,-6]
[-8,-7]
[-7,-5]
[-6,-6]
[-7,-7]
[-11,-4]
[-8,-5]
[-8,-6]
[-7,-4]
[-6,-5]
[-9,-5]
[-11,-7]
[-8,-8]
[-9,-9]
[-9,-7]
[-9,-8]
[-11,-9]
[-8,-8]
[-8,-9]
[-8,-9]
[-8,-8]
[-8,-9]
[-8,-9]
[-5,-8]
[-6,-8]
[-10,-10]
[-8,-8]
[-6,-9]
[-5,-9]
[-6,-5]
[-4,-6]
[-8,-9]
[-6,-7]
[-4,-8]
[-8,-7]
[-7,-6]
[-5,-8]
[-3,-8]
[-3,-6]
[-5,-7]
[-8,-8]
[-7,-6]
[-7,-6]
[-7,-6]
[-6,-5]
[-6,-5]
[-6,-5]
[-8,-6]
[-8,-6]
[-8,-5]
[-11,-7]
[-11,-7]
[-11,-7]
[-9,-8]
[-9,-8]
[-9,-8]
[-5,-8]
[-5,-8]
[-5,-6]
[-4,-7]
[-4,-7]
[-4,-7]
[-6,-6]
[-6,-6]
[-6,-7]
[-6,-4]
[-6,-4]
[-6,-6]
[-6,-3]
[-6,-4]
[-6,-4]
[-7,-5]
[-7,-6]
[-8,-6]
[-10,-4]
[-7,-5]
[-7,-6]
[-9,-4]
[-8,-6]
[-9,-5]
[-10,-4]
[-8,-5]
[-8,-6]
[-10,-6]
[-11,-6]
[-8,-7]
[-8,-6]
[-8,-6]
[-8,-6]
[-8,-6]
[-9,-8]
[-8,-8]
[-8,-7]
[-8,-6]
[-8,-8]
[-6,-6]
[-4,-8]
[-7,-7]
[-9,-5]
[-9,-7]
[-7,-8]
[-10,-7]
[-5,-7]
[-4,-7]
[-8,-5]
[-7,-5]
[-6,-8]
[-9,-5]
[-6,-6]
[-4,-6]
[-3,-4]
[-5,-5]
[-7,-6]
[-7,-5]
[-7,-5]
[-7,-4]
[-6,-3]
[-6,-2]
[-6,-2]
[-8,-5]
[-8,-4]
[-8,-4]
[-13,-4]
[-13,-3]
[-13,-3]
[-13,-5]
[-13,-5]
[-14,-4]
[-7,-6]
[-8,-6]
[-8,-5]
[-11,-5]
[-11,-5]
[-11,-5]
[-11,-3]
[-11,-3]
[-11,-3]
[-6,1]
[-7,11]
[-12,17]
[-13,19]
[-15,24]
[-11,-2]
[-13,11]
[-17,16]
[-16,17]
[-17,19]
[-12,-4]
[-15,8]
[-21,9]
[-21,10]
[-22,16]
[-11,-4]
[-13,10]
[-18,9]
[-18,10]
[-19,16]
[-9,-5]
[-10,6]
[-14,12]
[-15,13]
[-15,13]
[-8,-3]
[-12,8]
[-11,15]
[-11,17]
[-11,15]
[-8,-5]
[-12,7]
[-3,13]
[-4,16]
[-3,17]
[-8,-2]
[-13,11]
[-6,15]
[-7,17]
[-11,19]
[-8,2]
[-9,0]
[-7,-2]
[-7,-3]
[-9,1]
[-7,0]
[-5,-3]
[-5,0]
[-13,0]
[-5,-2]
[-8,-4]
[-8,-4]
[-12,-4]
[-10,-6]
[-10,-4]
[-10,-4]
[-12,-8]
[-12,-6]
[-11,-5]
[-11,-5]
[-11,-8]
[-11,-6]
[-8,-6]
[-8,-5]
[-5,-6]
[-5,-7]
[-6,-5]
[-6,-5]
[-6,0]
[-8,-4]
[-8,-4]
[-8,-5]
[-4,1]
[-3,1]
[1,11]
[-2,6]
[-13,17]
[-13,17]
[-5,-1]
[-3,1]
[5,11]
[0,14]
[-7,19]
[-8,18]
[-12,-2]
[-9,-1]
[-7,14]
[-11,20]
[-13,20]
[-13,19]
[-15,-3]
[-15,-1]
[-16,15]
[-16,19]
[-14,20]
[-13,23]
[-11,-6]
[-14,-4]
[-18,11]
[-18,16]
[-19,16]
[-18,20]
[-5,-7]
[-8,-6]
[-14,6]
[-18,8]
[-23,16]
[-24,20]
[-6,-2]
[-10,-5]
[-14,6]
[-12,4]
[-19,15]
[-18,15]
[-6,-1]
[-7,1]
[-7,9]
[-7,3]
[-13,13]
[-15,13]
[-7,-5]
[-7,-5]
[-7,-5]
[-7,-5]
[-7,-6]
[-7,-6]
[-8,-6]
[-8,-6]
[-8,-6]
[-10,-5]
[-10,-5]
[-10,-5]
[-9,-8]
[-9,-7]
[-9,-6]
[-5,-7]
[-5,-8]
[-5,-8]
[-4,-8]
[-4,-8]
[-4,-8]
[-6,-6]
[-6,-7]
[-6,-7]
[-70,-70]
[-70,-70]
[-70,-70]
[-70,-70]
[-70,-70]
[-70,-70]
[-70,-70]
[-70,-70]
