[7,-37]
[6,-44]
[3,-51]
[1,-47]
[1,-46]
[4,-53]
[7,-26]
[11,-36]
[17,-44]
[13,-43]
[3,-42]
[19,-48]
[2,-9]
[9,-22]
[18,-34]
[8,-36]
[-3,-37]
[21,-39]
[0,3]
[2,-12]
[10,-26]
[-3,-29]
[-6,-33]
[10,-32]
[-15,3]
[-11,-11]
[-8,-25]
[-11,-28]
[-8,-34]
[-7,-31]
[-37,-9]
[-30,-20]
[-25,-32]
[-22,-32]
[-23,-37]
[-25,-37]
[-36,-26]
[-31,-34]
[-29,-42]
[-29,-40]
[-32,-42]
[-29,-45]
[-15,-37]
[-16,-44]
[-18,-50]
[-20,-45]
[-22,-46]
[-17,-52]
[-69,-69]
[-69,-69]
[-69,-69]
[-69,-69]
[-69,-69]
[-69,-69]
[-69,-69]
[-69,-69]
