[7,-25]
[6,-19]
[5,-12]
[5,-5]
[5,-10]
[6,-23]
[4,-17]
[1,-10]
[-3,-3]
[-5,3]
[-3,-2]
[2,-13]
[-1,-1]
[-5,4]
[-9,4]
[-11,4]
[-9,4]
[-4,2]
[-5,6]
[-8,3]
[-10,-1]
[-12,-1]
[-11,0]
[-7,3]
[-11,4]
[-11,0]
[-11,-4]
[-11,-5]
[-11,-4]
[-11,0]
[-33,0]
[-31,-1]
[-28,-5]
[-25,-4]
[-28,-4]
[-32,-2]
[-34,-14]
[-31,-8]
[-28,-3]
[-25,-1]
[-28,-2]
[-32,-11]
[-15,-25]
[-14,-19]
[-11,-12]
[-9,-6]
[-11,-11]
[-14,-22]
[6,-12]
[6,-12]
[6,-12]
[-1,-2]
[-1,-2]
[-1,-2]
[-7,6]
[-7,6]
[-7,6]
[-9,2]
[-9,2]
[-9,2]
[-15,0]
[-15,0]
[-15,0]
[-32,1]
[-32,0]
[-32,0]
[-29,-5]
[-29,-5]
[-29,-5]
[-9,-14]
[-9,-14]
[-9,-14]
[8,-16]
[8,-17]
[8,-18]
[7,-17]
[7,-17]
[7,-17]
[2,-2]
[2,-3]
[2,-4]
[2,-2]
[2,-2]
[2,-2]
[-3,5]
[-3,4]
[-5,3]
[-5,5]
[-5,5]
[-5,4]
[-24,-1]
[-24,-1]
[-24,-2]
[-23,0]
[-23,0]
[-24,-1]
[-35,-15]
[-35,-15]
[-35,-16]
[-34,-14]
[-35,-14]
[-35,-15]
[-25,-29]
[-25,-29]
[-25,-30]
[-25,-28]
[-25,-27]
[-25,-29]
[-1,-34]
[-1,-35]
[-1,-35]
[-1,-32]
[-1,-32]
[-1,-36]
[8,-30]
[8,-30]
[9,-31]
[9,-30]
[9,-29]
[9,-31]
[6,-7]
[6,-7]
[7,-7]
[0,5]
[0,5]
[0,5]
[-12,5]
[-12,6]
[-12,6]
[-33,-6]
[-33,-6]
[-33,-5]
[-33,-21]
[-33,-21]
[-33,-21]
[-14,-32]
[-14,-32]
[-14,-31]
[6,-31]
[6,-31]
[6,-31]
[9,-23]
[9,-23]
[9,-23]
[8,-10]
[7,9]
[-12,2]
[-10,2]
[-16,9]
[3,-1]
[-4,21]
[-5,-2]
[1,0]
[-6,3]
[-4,11]
[-12,22]
[-9,-2]
[-8,2]
[-5,3]
[-9,10]
[-14,16]
[-16,2]
[-16,9]
[-14,9]
[-10,6]
[-18,11]
[-15,8]
[-15,15]
[-16,17]
[-32,3]
[-29,14]
[-4,12]
[-6,16]
[-8,18]
[-34,2]
[-23,12]
[-4,12]
[-10,14]
[-7,16]
[-15,-9]
[11,18]
[-12,8]
[-14,8]
[-16,16]
[7,-19]
[19,-32]
[7,-9]
[2,-1]
[19,-13]
[15,-20]
[-1,4]
[-8,12]
[0,-1]
[1,-8]
[-8,7]
[-12,9]
[-19,11]
[-14,0]
[-29,-2]
[-31,3]
[-27,3]
[-21,-5]
[-33,-17]
[-35,-10]
[-26,-7]
[-31,-16]
[-17,-28]
[-18,-22]
[-30,-11]
[-24,-29]
[8,-31]
[8,-22]
[-17,-18]
[-3,-35]
[11,-22]
[11,-16]
[7,-6]
[8,9]
[17,10]
[22,2]
[17,23]
[26,7]
[-5,-1]
[-3,17]
[11,26]
[19,27]
[18,33]
[23,34]
[-24,-8]
[-22,13]
[-4,29]
[4,34]
