[-8,3]
[-8,0]
[-8,-4]
[-8,-4]
[-8,-3]
[-8,-2]
[-20,-2]
[-19,-7]
[-18,-14]
[-16,-16]
[-17,-13]
[-20,-5]
[-23,-12]
[-22,-9]
[-19,-6]
[-17,-5]
[-20,-5]
[-23,-11]
[-13,-20]
[-12,-16]
[-10,-12]
[-8,-8]
[-10,-11]
[-12,-18]
[4,-8]
[4,-6]
[4,-4]
[3,1]
[4,-2]
[4,-6]
[-11,-17]
[-15,-12]
[-19,-8]
[-20,-3]
[-19,-7]
[-14,-15]
[-20,-7]
[-26,-3]
[-29,0]
[-32,-1]
[-30,1]
[-24,-5]
[-16,1]
[-20,-4]
[-23,-11]
[-24,-13]
[-23,-10]
[-19,-2]
[-10,-17]
[-10,-17]
[-10,-17]
[-18,-15]
[-18,-15]
[-18,-15]
[-21,-6]
[-21,-6]
[-20,-6]
[-11,-10]
[-11,-10]
[-11,-10]
[6,0]
[6,0]
[6,0]
[-15,-7]
[-15,-6]
[-15,-6]
[-28,2]
[-29,2]
[-29,2]
[-24,-9]
[-24,-10]
[-24,-10]
[-12,-28]
[-12,-29]
[-12,-30]
[-11,-28]
[-12,-28]
[-12,-29]
[-10,-21]
[-10,-22]
[-10,-23]
[-10,-22]
[-10,-22]
[-10,-22]
[7,-12]
[6,-12]
[5,-13]
[5,-12]
[6,-11]
[6,-12]
[8,-4]
[8,-5]
[6,-6]
[6,-4]
[7,-3]
[8,-4]
[-9,-4]
[-8,-4]
[-8,-5]
[-7,-3]
[-8,-3]
[-8,-4]
[-21,-11]
[-22,-11]
[-22,-12]
[-21,-10]
[-22,-10]
[-22,-11]
[-22,-21]
[-22,-21]
[-22,-22]
[-22,-20]
[-22,-20]
[-22,-21]
[-14,-28]
[-14,-28]
[-14,-29]
[-14,-27]
[-14,-28]
[-14,-29]
[-21,-20]
[-21,-20]
[-21,-20]
[-14,-12]
[-14,-12]
[-14,-11]
[8,-2]
[7,-2]
[7,-1]
[2,3]
[2,3]
[2,3]
[-16,0]
[-15,0]
[-16,0]
[-24,-9]
[-24,-9]
[-24,-9]
[-19,-19]
[-19,-19]
[-19,-19]
[-15,-21]
[-15,-20]
[-15,-20]
[-9,0]
[-18,-1]
[-21,15]
[-25,12]
[-23,12]
[-17,1]
[-24,7]
[-5,14]
[-23,12]
[-26,16]
[-19,-5]
[-15,9]
[-17,10]
[-6,11]
[-7,15]
[-10,-12]
[5,12]
[-21,5]
[-15,11]
[-2,15]
[4,-13]
[-11,11]
[-13,-3]
[-15,6]
[-14,21]
[-14,-8]
[-23,15]
[2,-6]
[-7,0]
[-18,17]
[-25,0]
[-20,5]
[0,-2]
[1,0]
[-10,10]
[-21,5]
[-11,-2]
[-14,8]
[-12,5]
[-10,8]
[-19,-22]
[-16,-13]
[-27,-23]
[-23,-23]
[-17,-26]
[-20,-14]
[-14,-16]
[-7,-15]
[-22,-24]
[-28,-12]
[13,-13]
[13,-11]
[-15,-17]
[-19,-6]
[2,-9]
[-5,-3]
[2,-8]
[2,-8]
[-18,0]
[-21,-8]
[4,-3]
[-1,-5]
[-27,-10]
[-23,-18]
[-12,-5]
[-17,5]
[-23,-21]
[-20,-26]
[-21,-13]
[-23,-4]
[-24,-26]
[-26,-28]
[-15,-29]
[-18,-25]
[-16,-12]
[-7,-19]
[26,5]
[24,8]
[3,-25]
[-5,-27]
[-1,-10]
[15,-17]
[33,26]
[35,27]
[5,-22]
[2,-27]
[2,-7]
[-4,-7]
