[6,-38]
[4,-44]
[0,-50]
[-3,-45]
[-3,-44]
[2,-53]
[4,-27]
[7,-37]
[12,-44]
[10,-42]
[1,-41]
[17,-47]
[6,-12]
[8,-25]
[17,-36]
[5,-37]
[-3,-37]
[18,-40]
[5,-1]
[4,-15]
[10,-29]
[-3,-32]
[-7,-35]
[8,-34]
[-15,-1]
[-10,-14]
[-7,-28]
[-8,-31]
[-7,-36]
[-7,-34]
[-34,-12]
[-26,-23]
[-21,-34]
[-18,-34]
[-20,-39]
[-22,-39]
[-32,-27]
[-28,-35]
[-26,-42]
[-27,-40]
[-30,-43]
[-28,-47]
[-14,-38]
[-15,-44]
[-18,-49]
[-21,-44]
[-23,-45]
[-18,-52]
[-69,-69]
[-69,-69]
[-69,-69]
[-69,-69]
[-69,-69]
[-69,-69]
[-69,-69]
[-69,-69]
