[-7,-20]
[-7,-21]
[-10,-22]
[-13,-21]
[-11,-22]
[-11,-21]
[-11,-20]
[-10,-20]
[-9,-21]
[-9,-23]
[-5,-21]
[-4,-19]
[-5,-20]
[-8,-19]
[-9,-19]
[-8,-20]
[-14,-22]
[-14,-21]
[-8,-20]
[-6,-15]
[-5,-16]
[-6,-17]
[-8,-17]
[-9,-18]
[-17,-22]
[-18,-21]
[-18,-19]
[-8,-11]
[-7,-12]
[-8,-14]
[-9,-15]
[-11,-15]
[-14,-24]
[-10,-25]
[-18,-22]
[-15,-10]
[-14,-9]
[-14,-12]
[-14,-12]
[-16,-14]
[-12,-24]
[-15,-24]
[-14,-26]
[-21,-14]
[-21,-10]
[-19,-12]
[-19,-14]
[-16,-18]
[-15,-23]
[-16,-24]
[-16,-26]
[-17,-19]
[-22,-16]
[-20,-17]
[-15,-20]
[-10,-21]
[-11,-20]
[-11,-26]
[-12,-21]
[-20,-22]
[-13,-22]
[-11,-21]
[-10,-22]
[-13,-23]
[-70,-70]
[-70,-70]
[-70,-70]
[-70,-70]
[-70,-70]
[-70,-70]
[-70,-70]
[-70,-70]
