[10,-32]
[9,-25]
[8,-17]
[7,-9]
[8,-16]
[10,-28]
[3,-21]
[-1,-13]
[-5,-5]
[-6,2]
[-4,-4]
[1,-17]
[-5,-3]
[-10,4]
[-14,4]
[-17,6]
[-14,5]
[-8,0]
[-11,5]
[-14,3]
[-16,-1]
[-17,-2]
[-16,0]
[-13,3]
[-16,1]
[-17,-3]
[-17,-7]
[-17,-8]
[-17,-7]
[-17,-2]
[-39,-5]
[-38,-5]
[-35,-5]
[-32,-8]
[-35,-5]
[-38,-6]
[-37,-21]
[-36,-15]
[-32,-8]
[-29,-5]
[-32,-8]
[-36,-18]
[-15,-32]
[-14,-26]
[-11,-18]
[-9,-11]
[-11,-17]
[-14,-29]
[5,-16]
[5,-16]
[6,-16]
[-5,-1]
[-5,-1]
[-5,-1]
[-13,7]
[-13,7]
[-13,7]
[-14,1]
[-14,1]
[-14,0]
[-28,-4]
[-28,-4]
[-28,-4]
[-40,-5]
[-40,-5]
[-40,-5]
[-28,-15]
[-28,-15]
[-28,-15]
[-1,-21]
[-1,-21]
[-1,-21]
[9,-21]
[9,-22]
[8,-23]
[8,-22]
[8,-22]
[8,-22]
[-1,-5]
[-1,-6]
[-2,-7]
[-1,-6]
[-1,-6]
[-1,-6]
[-9,0]
[-9,-1]
[-10,-2]
[-10,0]
[-10,0]
[-10,-1]
[-32,-8]
[-31,-8]
[-31,-9]
[-30,-7]
[-31,-7]
[-32,-8]
[-41,-24]
[-41,-25]
[-40,-25]
[-40,-23]
[-41,-23]
[-41,-25]
[-27,-39]
[-27,-40]
[-27,-40]
[-27,-38]
[-27,-38]
[-27,-40]
[2,-44]
[2,-44]
[1,-45]
[1,-44]
[1,-44]
[2,-45]
[12,-37]
[12,-38]
[12,-39]
[12,-37]
[12,-37]
[12,-38]
[6,-11]
[6,-11]
[6,-11]
[-3,2]
[-3,2]
[-3,2]
[-20,1]
[-20,1]
[-20,1]
[-42,-13]
[-42,-13]
[-42,-13]
[-39,-31]
[-39,-31]
[-39,-31]
[-14,-43]
[-14,-43]
[-14,-42]
[11,-42]
[11,-42]
[11,-42]
[13,-29]
[13,-29]
[13,-29]
[9,-16]
[8,5]
[-18,-2]
[-15,-2]
[-23,5]
[0,-5]
[-6,18]
[-11,-9]
[-5,-7]
[-13,-3]
[-9,11]
[-17,23]
[-13,-10]
[-12,-6]
[-8,-5]
[-13,8]
[-18,15]
[-20,-6]
[-20,1]
[-17,1]
[-14,3]
[-23,8]
[-17,2]
[-17,9]
[-18,11]
[-37,0]
[-35,10]
[-5,8]
[-6,12]
[-9,14]
[-38,-3]
[-27,8]
[-3,10]
[-10,12]
[-6,14]
[-17,-15]
[14,19]
[-15,5]
[-18,5]
[-19,15]
[3,-26]
[20,-38]
[7,-12]
[2,-4]
[19,-20]
[15,-27]
[-5,2]
[-12,11]
[-3,-6]
[-2,-14]
[-15,2]
[-18,8]
[-23,7]
[-18,-7]
[-37,-9]
[-39,0]
[-30,1]
[-25,-11]
[-38,-26]
[-41,-17]
[-27,-8]
[-33,-24]
[-18,-39]
[-21,-31]
[-34,-14]
[-24,-37]
[11,-39]
[11,-32]
[-22,-22]
[-3,-42]
[14,-29]
[14,-22]
[7,-9]
[8,8]
[18,8]
[23,-2]
[18,24]
[29,1]
[-10,-6]
[-6,18]
[8,28]
[17,27]
[16,35]
[23,32]
[-32,-14]
[-30,14]
[-11,29]
[1,36]
[5,41]
[2,50]
[-38,-30]
[-56,0]
[-51,21]
[-23,31]
[-19,46]
[-25,46]
[-21,-43]
[-48,-24]
[-59,-3]
[-61,22]
[-56,33]
[-64,34]
[5,-46]
[-14,-38]
[-34,-25]
[-61,2]
[-56,23]
[-63,6]
[19,-38]
[16,-35]
[5,-30]
[-27,-19]
[-14,13]
[-29,-16]
[20,-23]
[18,-16]
[16,-17]
[15,-20]
[8,9]
[16,-18]
[-70,-70]
[-70,-70]
[-70,-70]
[-70,-70]
[-70,-70]
[-70,-70]
[-70,-70]
[-70,-70]
[-70,-70]
[-70,-70]
[-70,-70]
[-70,-70]
[-70,-70]
[-70,-70]
[-70,-70]
[-70,-70]
[-70,-70]
[-70,-70]
[-70,-70]
[-70,-70]
[-70,-70]
[-70,-70]
[-70,-70]
[-70,-70]
[-70,-70]
[-70,-70]
[-70,-70]
[-70,-70]
[-70,-70]
[-70,-70]
[-70,-70]
[-70,-70]
