[5,-35]
[-7,-6]
[-22,-3]
[-34,-16]
[-25,-28]
[-15,-28]
[-8,-26]
[3,-30]
[-25,-11]
[-36,-13]
[-34,-26]
[-19,-33]
[-14,-30]
[-11,-26]
[-5,-27]
[-32,-19]
[-34,-24]
[-19,-34]
[-6,-34]
[-8,-31]
[-11,-27]
[-11,-26]
[-21,-29]
[-14,-31]
[4,-35]
[7,-32]
[-4,-31]
[-11,-30]
[-17,-28]
[2,-32]
[12,-31]
[21,-28]
[10,-27]
[-3,-30]
[-10,-31]
[-19,-31]
[11,-27]
[26,-21]
[19,-17]
[1,-21]
[-5,-28]
[-8,-32]
[-14,-34]
[14,-17]
[18,-7]
[1,-8]
[-12,-20]
[-10,-27]
[-7,-30]
[-3,-36]
[8,-9]
[-3,0]
[-20,-8]
[-22,-23]
[-14,-27]
[-7,-28]
[-6,-31]
[-4,-30]
[-8,-30]
[-11,-34]
[-9,-34]
[-4,-29]
[-4,-28]
[-4,-29]
[-4,-33]
[-3,-32]
[-6,-27]
[-6,-27]
[-2,-27]
[0,-30]
[-1,-29]
[-9,-28]
[-11,-28]
[-5,-25]
[-1,-27]
[-4,-27]
[-13,-29]
[-15,-29]
[-10,-25]
[-7,-26]
[-10,-27]
[-15,-32]
[-15,-31]
[-15,-27]
[-15,-27]
[-16,-28]
[-13,-33]
[-12,-32]
[-16,-29]
[-19,-31]
[-18,-31]
[-9,-33]
[-8,-32]
[-13,-30]
[-17,-34]
[-15,-33]
[-70,-70]
[-70,-70]
[-70,-70]
[-70,-70]
[-70,-70]
[-70,-70]
[-70,-70]
[-70,-70]
