[15,-15]
[8,-29]
[-14,-21]
[23,-36]
[-6,-22]
[-8,-12]
[-7,-12]
[8,-24]
[11,-12]
[3,-9]
[-10,-30]
[-22,-28]
[24,-17]
[15,-16]
[11,-9]
[11,-8]
[20,-11]
[7,8]
[-23,-13]
[-21,-36]
[-17,-36]
[-5,-11]
[20,-4]
[20,-2]
[17,0]
[19,4]
[-2,11]
[-35,-27]
[-25,-47]
[-21,-42]
[-40,-22]
[16,4]
[14,5]
[10,6]
[6,9]
[-15,9]
[-26,-40]
[-23,-53]
[-23,-40]
[-49,-42]
[1,9]
[1,9]
[-2,8]
[-12,7]
[-42,4]
[-3,-46]
[-8,-52]
[-11,-35]
[-30,-59]
[-36,6]
[-30,6]
[-29,4]
[-47,2]
[-43,-9]
[10,-42]
[11,-44]
[6,-35]
[-11,-64]
[-55,-2]
[-49,-2]
[-47,-3]
[-52,-7]
[-19,-23]
[18,-29]
[21,-36]
[5,-29]
[8,-54]
[-41,-12]
[-39,-9]
[-38,-9]
[-27,-21]
[9,-23]
[-8,-12]
[-26,-26]
[-25,-12]
[-13,-17]
[12,-20]
[26,-31]
[23,-27]
[24,-26]
[23,-25]
[11,-9]
[10,-30]
[-13,-13]
[-6,-8]
[30,-10]
[16,-7]
[13,-5]
[14,-3]
[13,-3]
[19,-2]
[20,-19]
[11,-11]
[14,2]
[10,6]
[-5,-1]
[-6,-1]
[-6,0]
[-7,0]
[14,5]
[11,1]
[13,-11]
[6,4]
[-16,5]
[-24,-8]
[-45,-9]
[-46,-8]
[-46,-8]
[1,9]
[-4,10]
[-6,0]
[-16,9]
[-34,-7]
[-54,-19]
[-58,-31]
[-58,-30]
[-58,-31]
[-29,6]
[-16,8]
[-22,3]
[-28,0]
[-35,-21]
[-53,-30]
[-37,-52]
[-37,-51]
[-36,-51]
[-48,-1]
[-42,-3]
[-25,-7]
[-25,-13]
[-37,-30]
[-23,-46]
[2,-59]
[2,-58]
[2,-58]
[-39,-9]
[-47,-11]
[-21,-16]
[-12,-19]
[-19,-29]
[20,-47]
[18,-49]
[19,-48]
[19,-48]
[15,-28]
[9,-39]
[-14,-38]
[-4,-31]
[1,-28]
[1,-33]
[-1,-45]
[-21,-14]
[-22,-18]
[-22,-20]
[21,-14]
[9,-33]
[-26,-34]
[-22,-31]
[-15,-28]
[-12,-32]
[16,-37]
[14,-14]
[15,-18]
[15,-19]
[6,-6]
[-7,-32]
[-23,-33]
[-25,-32]
[-21,-31]
[-24,-31]
[1,-31]
[17,2]
[18,-3]
[18,-4]
[-22,-11]
[-17,-37]
[-6,-40]
[-14,-33]
[-15,-34]
[-21,-29]
[-15,-34]
[17,15]
[18,14]
[18,14]
[-35,-24]
[-17,-45]
[-7,-39]
[-2,-34]
[-1,-35]
[-6,-29]
[-22,-42]
[8,21]
[8,20]
[8,20]
[-27,-38]
[-24,-51]
[-11,-34]
[0,-34]
[3,-35]
[-4,-30]
[-18,-51]
[-21,20]
[-21,20]
[-21,19]
[-16,-44]
[-23,-51]
[-8,-38]
[2,-33]
[6,-32]
[-5,-32]
[-25,-55]
[-52,14]
[-53,14]
[-54,13]
[5,-40]
[-9,-46]
[-1,-39]
[2,-32]
[5,-29]
[-3,-33]
[-18,-52]
[-51,3]
[-52,-1]
[-52,-2]
[-69,-69]
[-69,-69]
[-69,-69]
[-69,-69]
[-69,-69]
[-69,-69]
[-69,-69]
[-69,-69]
