[-10,-21]
[-10,-22]
[-10,-23]
[-10,-21]
[-10,-22]
[-10,-23]
[-13,-21]
[-12,-22]
[-11,-23]
[-15,-21]
[-15,-22]
[-11,-23]
[-21,-22]
[-19,-23]
[-14,-23]
[-20,-21]
[-18,-23]
[-14,-23]
[-18,-22]
[-17,-24]
[-14,-24]
[-15,-22]
[-14,-23]
[-13,-24]
[-13,-22]
[-12,-24]
[-12,-24]
[-12,-22]
[-12,-23]
[-13,-24]
[-11,-23]
[-7,-25]
[-10,-25]
[-13,-24]
[-7,-25]
[-9,-25]
[-14,-23]
[-7,-24]
[-9,-25]
[-14,-23]
[-6,-24]
[-9,-25]
[-10,-22]
[-6,-23]
[-8,-24]
[-10,-22]
[-8,-23]
[-9,-24]
[-11,-20]
[-11,-20]
[-11,-21]
[-10,-21]
[-10,-21]
[-10,-21]
[-11,-21]
[-11,-21]
[-11,-21]
[-14,-22]
[-14,-22]
[-14,-22]
[-11,-23]
[-11,-23]
[-11,-23]
[-8,-24]
[-8,-24]
[-8,-23]
[-8,-23]
[-8,-24]
[-8,-23]
[-10,-22]
[-10,-22]
[-10,-22]
[-10,-21]
[-10,-22]
[-10,-22]
[-10,-21]
[-10,-21]
[-10,-22]
[-11,-21]
[-14,-22]
[-11,-23]
[-15,-21]
[-17,-21]
[-9,-22]
[-18,-19]
[-22,-20]
[-14,-21]
[-19,-20]
[-23,-19]
[-13,-20]
[-18,-20]
[-18,-20]
[-18,-21]
[-18,-20]
[-17,-19]
[-18,-21]
[-16,-21]
[-16,-22]
[-16,-23]
[-16,-21]
[-16,-21]
[-16,-22]
[-13,-23]
[-9,-23]
[-8,-24]
[-14,-23]
[-10,-22]
[-9,-24]
[-18,-23]
[-14,-23]
[-14,-25]
[-16,-23]
[-14,-23]
[-14,-24]
[-14,-22]
[-13,-23]
[-13,-24]
[-13,-21]
[-13,-22]
[-13,-23]
[-10,-20]
[-10,-20]
[-10,-19]
[-7,-20]
[-7,-19]
[-7,-19]
[-15,-18]
[-15,-18]
[-15,-18]
[-20,-18]
[-20,-18]
[-20,-18]
[-15,-21]
[-15,-20]
[-15,-20]
[-8,-22]
[-9,-22]
[-9,-21]
[-16,-22]
[-16,-22]
[-16,-22]
[-16,-21]
[-16,-21]
[-16,-21]
[-11,-19]
[-11,-4]
[-13,17]
[-13,17]
[-16,17]
[-11,-18]
[-13,-4]
[-23,15]
[-22,15]
[-20,15]
[-13,-18]
[-16,-5]
[-24,7]
[-24,8]
[-23,8]
[-12,-16]
[-16,-4]
[-24,0]
[-23,1]
[-22,1]
[-13,-15]
[-13,-4]
[-15,-2]
[-16,-1]
[-16,-1]
[-9,-17]
[-14,-5]
[-11,0]
[-12,1]
[-12,1]
[-9,-19]
[-13,-5]
[-9,6]
[-10,7]
[-3,6]
[-9,-19]
[-13,-5]
[-10,13]
[-9,14]
[-12,13]
[-17,-16]
[-15,-15]
[-14,-16]
[-14,-18]
[-19,-15]
[-18,-14]
[-16,-18]
[-17,-17]
[-18,-16]
[-17,-16]
[-16,-19]
[-19,-18]
[-19,-20]
[-20,-19]
[-20,-21]
[-20,-20]
[-28,-21]
[-25,-22]
[-15,-23]
[-13,-23]
[-22,-22]
[-20,-24]
[-10,-24]
[-14,-24]
[-6,-21]
[-7,-22]
[-20,-22]
[-20,-21]
[-8,-19]
[-9,-18]
[-19,-18]
[-15,-18]
[-14,-22]
[-19,-14]
[-15,-8]
[-18,-15]
[-31,4]
[-35,7]
[-14,-22]
[-15,-20]
[-18,-11]
[-23,-7]
[-27,3]
[-30,7]
[-24,-18]
[-21,-19]
[-23,-8]
[-23,-1]
[-22,-1]
[-23,2]
[-25,-22]
[-26,-20]
[-24,-4]
[-19,3]
[-15,3]
[-22,7]
[-13,-24]
[-17,-22]
[-26,-7]
[-30,-2]
[-43,6]
[-40,13]
[-8,-21]
[-10,-19]
[-15,-8]
[-25,-10]
[-53,15]
[-49,17]
[-18,-15]
[-11,-12]
[-15,-7]
[-14,-16]
[-41,5]
[-37,5]
[-17,-17]
[-21,-7]
[-16,-2]
[-9,-19]
[-24,0]
[-26,2]
[-11,-22]
[-11,-27]
[-11,-28]
[-8,-22]
[-8,-25]
[-8,-26]
[-11,-22]
[-11,-22]
[-11,-22]
[-11,-21]
[-11,-21]
[-11,-21]
[-15,-21]
[-14,-20]
[-14,-20]
[-22,-23]
[-18,-22]
[-18,-22]
[-18,-24]
[-16,-24]
[-19,-24]
[-17,-23]
[-16,-26]
[-16,-26]
