[17,-16]
[7,-30]
[-15,-21]
[25,-37]
[-5,-26]
[-69,-69]
[-69,-69]
[10,-27]
[13,-14]
[1,-9]
[-13,-33]
[-24,-29]
[22,-19]
[14,-19]
[10,-11]
[10,-11]
[19,-14]
[6,6]
[-25,-14]
[-23,-40]
[-19,-39]
[-10,-15]
[18,-4]
[16,-3]
[16,0]
[18,4]
[-5,12]
[-36,-30]
[-28,-50]
[-23,-45]
[-42,-28]
[14,3]
[12,4]
[8,5]
[4,8]
[-15,8]
[-26,-43]
[-23,-55]
[-21,-42]
[-47,-48]
[1,7]
[0,7]
[-2,6]
[-12,6]
[-41,1]
[-1,-49]
[-5,-54]
[-7,-38]
[-26,-64]
[-36,4]
[-29,5]
[-28,3]
[-45,0]
[-41,-12]
[15,-44]
[15,-45]
[11,-37]
[-7,-67]
[-54,-3]
[-48,-2]
[-46,-3]
[-50,-8]
[-18,-26]
[23,-31]
[21,-36]
[5,-29]
[13,-56]
[-40,-15]
[-38,-9]
[-37,-9]
[-26,-24]
[12,-25]
[-69,-69]
[-27,-27]
[-23,-8]
[-11,-15]
[11,-17]
[28,-27]
[25,-23]
[26,-22]
[25,-21]
[10,-11]
[6,-31]
[-19,-10]
[-8,-6]
[28,-7]
[15,-3]
[11,-2]
[11,-1]
[10,-1]
[17,-2]
[17,-23]
[10,-8]
[15,4]
[8,7]
[-9,-1]
[-11,-1]
[-12,0]
[-12,1]
[12,4]
[10,-4]
[11,-12]
[4,4]
[-18,4]
[-28,-9]
[-50,-11]
[-50,-10]
[-51,-10]
[0,7]
[-4,8]
[-5,-4]
[-14,8]
[-33,-8]
[-54,-22]
[-59,-32]
[-60,-31]
[-60,-31]
[-29,5]
[-13,5]
[-18,2]
[-24,-1]
[-31,-22]
[-50,-33]
[-35,-53]
[-35,-52]
[-34,-52]
[-48,-2]
[-36,-3]
[-21,-7]
[-20,-11]
[-31,-30]
[-18,-45]
[7,-59]
[7,-58]
[7,-57]
[-38,-9]
[-44,-11]
[-15,-14]
[-7,-17]
[-15,-28]
[23,-44]
[23,-47]
[24,-46]
[24,-45]
[18,-30]
[10,-36]
[-16,-35]
[-7,-26]
[-2,-22]
[2,-28]
[2,-42]
[-22,-15]
[-23,-20]
[-23,-21]
[20,-16]
[1,-32]
[-31,-33]
[-26,-27]
[-20,-24]
[-17,-28]
[12,-36]
[8,-16]
[14,-21]
[13,-22]
[2,-10]
[-13,-35]
[-26,-34]
[-29,-31]
[-26,-29]
[-29,-29]
[-6,-32]
[16,-2]
[17,-6]
[17,-7]
[-22,-14]
[-20,-43]
[-6,-40]
[-15,-35]
[-16,-35]
[-23,-31]
[-20,-38]
[16,15]
[17,14]
[17,13]
[-33,-28]
[-14,-50]
[-6,-40]
[-1,-37]
[-1,-38]
[-2,-32]
[-21,-46]
[7,20]
[8,20]
[7,19]
[-25,-41]
[-20,-54]
[-5,-36]
[5,-36]
[8,-36]
[0,-32]
[-16,-54]
[-18,20]
[-18,19]
[-18,18]
[-11,-47]
[-17,-51]
[-2,-38]
[9,-32]
[13,-31]
[5,-29]
[-20,-56]
[-50,14]
[-50,13]
[-51,12]
[8,-41]
[-5,-44]
[3,-37]
[8,-28]
[10,-25]
[5,-30]
[-12,-50]
[-50,2]
[-51,-2]
[-51,-4]
[-69,-69]
[-69,-69]
[-69,-69]
[-69,-69]
[-69,-69]
[-69,-69]
[-69,-69]
[-69,-69]
