[-6,-26]
[-6,-30]
[-7,-28]
[-12,-28]
[-10,-28]
[-10,-27]
[-10,-27]
[-9,-27]
[-6,-25]
[-7,-25]
[-5,-25]
[-5,-25]
[-5,-24]
[-7,-24]
[-8,-23]
[-7,-24]
[-13,-25]
[-16,-24]
[-13,-24]
[-14,-19]
[-14,-16]
[-14,-18]
[-14,-18]
[-13,-19]
[-20,-26]
[-18,-30]
[-17,-26]
[-16,-14]
[-17,-10]
[-17,-13]
[-16,-15]
[-16,-17]
[-22,-27]
[-13,-35]
[-17,-33]
[-15,-13]
[-13,-8]
[-13,-12]
[-13,-15]
[-17,-18]
[-18,-32]
[-15,-35]
[-16,-37]
[-29,-17]
[-22,-13]
[-19,-16]
[-25,-18]
[-26,-21]
[-14,-33]
[-15,-33]
[-15,-36]
[-29,-22]
[-31,-20]
[-29,-21]
[-26,-23]
[-20,-25]
[-13,-28]
[-12,-33]
[-14,-31]
[-25,-27]
[-23,-26]
[-22,-26]
[-16,-27]
[-15,-28]
[-69,-69]
[-69,-69]
[-69,-69]
[-69,-69]
[-69,-69]
[-69,-69]
[-69,-69]
[-69,-69]
