[10,-26]
[9,-18]
[8,2]
[8,6]
[9,3]
[10,-21]
[5,-17]
[1,-10]
[-2,-3]
[-4,3]
[-2,-2]
[3,-14]
[-3,-2]
[-7,4]
[-11,5]
[-14,6]
[-12,6]
[-6,1]
[-9,6]
[-12,3]
[-14,0]
[-16,0]
[-14,1]
[-11,4]
[-11,2]
[-11,-2]
[-11,-5]
[-11,-6]
[-11,-5]
[-11,-1]
[-30,-2]
[-28,-4]
[-26,-3]
[-23,0]
[-26,-2]
[-29,-4]
[-31,-15]
[-28,-9]
[-25,-4]
[-22,-3]
[-24,-3]
[-29,-12]
[-13,-24]
[-12,-19]
[-9,-12]
[-7,-6]
[-9,-11]
[-12,-22]
[7,-11]
[7,-11]
[7,-11]
[-3,0]
[-3,0]
[-3,0]
[-11,7]
[-11,7]
[-11,7]
[-13,3]
[-13,3]
[-10,3]
[-20,-2]
[-20,-2]
[-20,-2]
[-30,-3]
[-31,-3]
[-31,-3]
[-23,-10]
[-23,-10]
[-23,-10]
[9,-1]
[9,-1]
[9,-1]
[10,-17]
[10,-18]
[10,-20]
[9,-18]
[10,-18]
[10,-18]
[2,-3]
[1,-4]
[1,-6]
[1,-4]
[1,-3]
[1,-4]
[-8,3]
[-8,2]
[-8,1]
[-7,3]
[-8,3]
[-7,2]
[-25,-3]
[-24,-4]
[-24,-4]
[-23,-3]
[-23,-2]
[-24,-4]
[-35,-17]
[-34,-18]
[-34,-19]
[-33,-16]
[-34,-16]
[-34,-18]
[-24,-31]
[-24,-31]
[-23,-31]
[-23,-29]
[-24,-30]
[-24,-32]
[0,-37]
[0,-36]
[0,-37]
[0,-34]
[0,-34]
[0,-37]
[13,-31]
[13,-32]
[13,-31]
[13,-31]
[13,-30]
[13,-31]
[9,-8]
[9,-8]
[9,-8]
[-2,4]
[-2,4]
[-2,4]
[-13,5]
[-13,5]
[-13,5]
[-34,-7]
[-34,-7]
[-34,-7]
[-34,-24]
[-34,-23]
[-34,-23]
[-14,-34]
[-14,-34]
[-14,-34]
[11,-33]
[11,-33]
[11,-32]
[14,-24]
[14,-24]
[14,-24]
[9,3]
[9,10]
[-12,5]
[-11,5]
[-17,12]
[2,-2]
[-4,20]
[-6,0]
[-1,2]
[-9,6]
[-6,12]
[-14,23]
[-11,-1]
[-10,3]
[-6,5]
[-11,9]
[-16,16]
[-18,2]
[-17,9]
[-15,9]
[-10,4]
[-16,10]
[-15,8]
[-16,15]
[-16,17]
[-28,1]
[-26,11]
[-4,11]
[-5,14]
[-7,15]
[-30,1]
[-21,12]
[-2,12]
[-8,14]
[-4,15]
[-14,-9]
[15,19]
[-11,10]
[-14,11]
[-15,18]
[7,-16]
[18,-29]
[9,-9]
[4,-1]
[19,-12]
[15,-20]
[-3,4]
[-10,12]
[-1,-1]
[0,-9]
[-12,6]
[-16,10]
[-21,9]
[-16,-3]
[-30,-4]
[-31,3]
[-28,2]
[-23,-7]
[-32,-18]
[-34,-11]
[-22,-8]
[-27,-17]
[-16,-30]
[-17,-23]
[-25,-12]
[-20,-28]
[9,-31]
[10,-21]
[-14,-15]
[-2,-33]
[15,-23]
[15,-15]
[9,-5]
[11,9]
[20,9]
[24,1]
[20,25]
[30,7]
[-7,-1]
[-4,19]
[11,28]
[20,27]
[19,36]
[25,36]
[-26,-8]
[-23,15]
[-5,31]
[3,37]
