[-7,-16]
[-7,-20]
[-9,-20]
[-8,-25]
[-9,-24]
[-8,-24]
[-19,-16]
[-17,-17]
[-9,-19]
[3,-21]
[1,-21]
[1,-21]
[-21,-18]
[-24,-18]
[-19,-18]
[0,-15]
[-1,-15]
[-1,-15]
[-16,-24]
[-16,-22]
[-18,-19]
[-4,-8]
[-6,-9]
[-5,-8]
[-14,-26]
[-11,-24]
[-10,-21]
[-15,-7]
[-15,-8]
[-15,-8]
[-12,-24]
[-11,-23]
[-13,-23]
[-25,-11]
[-25,-12]
[-25,-12]
[-6,-21]
[-6,-22]
[-15,-19]
[-29,-18]
[-27,-17]
[-27,-18]
[-7,-19]
[-8,-22]
[-11,-20]
[-22,-22]
[-20,-21]
[-21,-22]
[-11,-22]
[-10,-22]
[-11,-25]
[-14,-26]
[-16,-26]
[-12,-28]
[-4,-27]
[-8,-24]
[-70,-70]
[-70,-70]
[-70,-70]
[-70,-70]
[-70,-70]
[-70,-70]
[-70,-70]
[-70,-70]
