[-5,-26]
[-4,-24]
[-4,-31]
[-4,-32]
[-4,-37]
[-4,-37]
[-9,-24]
[-9,-23]
[-9,-27]
[-9,-28]
[-13,-33]
[-12,-31]
[-14,-24]
[-14,-24]
[-14,-22]
[-15,-24]
[-22,-25]
[-20,-25]
[-17,-25]
[-15,-27]
[-14,-26]
[-19,-28]
[-19,-29]
[-19,-29]
[-19,-28]
[-14,-30]
[-13,-30]
[-16,-31]
[-9,-32]
[-11,-32]
[-20,-29]
[-21,-31]
[-20,-31]
[-18,-32]
[-18,-31]
[-22,-32]
[-21,-30]
[-23,-30]
[-25,-30]
[-25,-29]
[-26,-28]
[-27,-29]
[-11,-28]
[-13,-27]
[-17,-28]
[-19,-28]
[-19,-33]
[-17,-34]
[-69,-69]
[-69,-69]
[-69,-69]
[-69,-69]
[-69,-69]
[-69,-69]
[-69,-69]
[-69,-69]
