[-8,-22]
[-8,-22]
[-11,-21]
[-11,-21]
[-10,-23]
[-10,-23]
[-10,-23]
[-10,-22]
[-10,-21]
[-6,-22]
[-5,-22]
[-6,-22]
[-9,-22]
[-13,-22]
[-12,-22]
[-11,-22]
[-9,-21]
[-7,-21]
[-14,-21]
[-13,-21]
[-11,-21]
[-11,-21]
[-12,-21]
[-12,-20]
[-12,-21]
[-12,-20]
[-11,-20]
[-16,-20]
[-19,-20]
[-21,-20]
[-13,-20]
[-12,-19]
[-12,-19]
[-12,-18]
[-12,-19]
[-14,-19]
[-10,-21]
[-14,-22]
[-19,-23]
[-22,-19]
[-12,-17]
[-13,-17]
[-14,-18]
[-15,-18]
[-14,-20]
[-8,-23]
[-8,-25]
[-8,-22]
[-18,-25]
[-14,-17]
[-15,-18]
[-14,-20]
[-16,-22]
[-9,-23]
[-15,-24]
[-18,-24]
[-16,-26]
[-10,-29]
[-15,-20]
[-15,-21]
[-12,-22]
[-10,-24]
[-8,-24]
[-15,-23]
[-17,-23]
[-16,-23]
[-15,-27]
[-9,-22]
[-8,-23]
[-7,-23]
[-6,-24]
[-11,-23]
[-10,-22]
[-10,-24]
[-10,-23]
[-8,-20]
[-6,-19]
[-5,-20]
[-6,-20]
[-6,-20]
[-6,-20]
[-12,-22]
[-11,-24]
[-10,-23]
[-6,-19]
[-4,-17]
[-3,-17]
[-2,-17]
[-2,-16]
[-3,-16]
[-13,-20]
[-9,-22]
[-7,-23]
[-7,-16]
[-8,-13]
[-7,-12]
[-6,-11]
[-6,-11]
[-6,-11]
[-13,-19]
[-11,-19]
[-9,-20]
[-11,-14]
[-17,-11]
[-16,-11]
[-17,-10]
[-17,-10]
[-17,-10]
[-13,-17]
[-13,-17]
[-13,-18]
[-20,-15]
[-23,-15]
[-20,-18]
[-21,-18]
[-21,-17]
[-21,-18]
[-15,-18]
[-16,-19]
[-19,-20]
[-21,-18]
[-18,-23]
[-15,-25]
[-15,-25]
[-15,-25]
[-15,-25]
[-14,-21]
[-15,-22]
[-15,-22]
[-10,-21]
[-12,-27]
[-15,-27]
[-15,-27]
[-15,-27]
[-16,-27]
[-8,-22]
[-9,-24]
[-8,-23]
[-8,-21]
[-11,-24]
[-12,-23]
[-12,-23]
[-12,-23]
[-12,-22]
[-10,-21]
[-11,-26]
[-12,-28]
[-13,-25]
[-13,-26]
[-12,-25]
[-9,-28]
[-11,-20]
[-10,-20]
[-10,-20]
[-9,-21]
[-9,-22]
[-10,-28]
[-11,-21]
[-10,-21]
[-11,-25]
[-7,-25]
[-7,-20]
[-6,-19]
[-6,-19]
[-10,-21]
[-10,-23]
[-10,-29]
[-11,-31]
[-11,-32]
[-8,-28]
[-6,-22]
[-4,-17]
[-4,-16]
[-4,-17]
[-14,-21]
[-14,-22]
[-14,-28]
[-14,-31]
[-14,-31]
[-11,-26]
[-7,-19]
[-5,-11]
[-5,-11]
[-5,-12]
[-14,-22]
[-11,-23]
[-12,-24]
[-10,-28]
[-10,-29]
[-13,-23]
[-14,-17]
[-9,-7]
[-9,-8]
[-9,-9]
[-11,-24]
[-12,-23]
[-8,-28]
[-8,-29]
[-9,-28]
[-10,-25]
[-16,-20]
[-17,-8]
[-17,-9]
[-17,-10]
[-13,-24]
[-15,-25]
[-6,-25]
[-6,-24]
[-6,-24]
[-8,-27]
[-15,-24]
[-19,-12]
[-19,-13]
[-19,-15]
[-14,-23]
[-15,-24]
[-10,-26]
[-9,-24]
[-9,-24]
[-10,-25]
[-14,-28]
[-16,-17]
[-15,-18]
[-15,-18]
[-70,-70]
[-70,-70]
[-70,-70]
[-70,-70]
[-70,-70]
[-70,-70]
[-70,-70]
[-70,-70]
