[0,-31]
[0,-31]
[0,-31]
[0,-31]
[0,-31]
[0,-31]
[0,-31]
[0,-31]
[0,-31]
[0,-31]
[-13,-24]
[-13,-24]
[-13,-24]
[-13,-24]
[-13,-24]
[-13,-24]
[-13,-24]
[-13,-24]
[-13,-24]
[-13,-24]
[-16,-17]
[-16,-17]
[-16,-17]
[-16,-17]
[-16,-17]
[-16,-17]
[-16,-17]
[-16,-17]
[-16,-17]
[-16,-17]
[-11,-28]
[-11,-28]
[-11,-28]
[-11,-28]
[-11,-28]
[-11,-28]
[-11,-28]
[-11,-28]
[-11,-28]
[-11,-28]
[0,-33]
[0,-33]
[0,-33]
[0,-33]
[0,-33]
[0,-33]
[0,-33]
[0,-33]
[0,-33]
[0,-33]
[-12,-27]
[-12,-27]
[-12,-27]
[-12,-27]
[-12,-27]
[-12,-27]
[-12,-27]
[-12,-27]
[-12,-27]
[-12,-27]
[-15,-17]
[-15,-17]
[-15,-17]
[-15,-17]
[-15,-17]
[-15,-17]
[-15,-17]
[-15,-17]
[-15,-17]
[-15,-17]
[-10,-25]
[-10,-25]
[-10,-25]
[-10,-25]
[-10,-25]
[-10,-25]
[-10,-25]
[-10,-25]
[-10,-25]
[-10,-25]
