[-3,-7]
[-14,-19]
[-9,-14]
[-15,-8]
[-8,-7]
[-7,-1]
[-6,0]
[-2,-6]
[-4,-22]
[-8,-13]
[-10,-10]
[-4,-7]
[-8,-3]
[-9,2]
[-8,-3]
[-8,-20]
[-8,-9]
[-7,-10]
[-2,-5]
[-10,-3]
[-13,-2]
[-12,-2]
[-15,-15]
[-5,-10]
[-1,-9]
[-6,-3]
[-14,-3]
[-17,-3]
[-13,-1]
[-13,-18]
[-2,-9]
[-6,-7]
[-15,-6]
[-12,-4]
[-14,-6]
[-14,-3]
[-10,-13]
[-11,-7]
[-18,-3]
[-18,-4]
[-10,-2]
[-10,-4]
[-12,-8]
[-23,-13]
[-25,-5]
[-21,-4]
[-17,-2]
[-13,-2]
[-9,-3]
[-8,-8]
[-17,-14]
[-23,-8]
[-14,-4]
[-16,-5]
[-10,-2]
[-5,0]
[-4,-6]
[-4,-6]
[-5,-4]
[-6,-7]
[-6,-6]
[-3,-3]
[-3,-1]
[-1,0]
[-2,-6]
[-2,-4]
[-9,-2]
[-8,-1]
[-5,0]
[-5,-3]
[-8,-2]
[-14,-2]
[-13,-1]
[-14,0]
[-11,0]
[-13,-2]
[-14,-2]
[-13,0]
[-17,2]
[-13,0]
[-13,-1]
[-14,-4]
[-17,-3]
[-17,2]
[-11,-2]
[-12,-2]
[-17,-5]
[-19,-4]
[-20,-2]
[-16,-4]
[-18,-6]
[-12,-6]
[-12,-5]
[-14,-4]
[-14,-5]
[-14,-6]
[-70,-70]
[-70,-70]
[-70,-70]
[-70,-70]
[-70,-70]
[-70,-70]
[-70,-70]
[-70,-70]
